0.009572
-0.007955
0.000000
-0.001502
-0.005537
0.005120
0.008556
-0.007823
-0.003314
-0.000474
-0.008470
0.001448
0.009255
-0.000737
0.007539
0.003923
0.000652
-0.003667
-0.003609
-0.008840
0.007181
0.007043
0.008101
0.002346
-0.009455
-0.001861
0.006510
-0.009166
0.006544
-0.006072
0.005261
0.007697
0.008089
-0.003642
0.007333
-0.009523
-0.008654
-0.008583
0.006937
0.000194
-0.005086
-0.008515
0.003795
0.008876
-0.008991
-0.007619
0.003870
0.005929
-0.008777
0.000278
-0.006291
0.001968
-0.000069
0.008125
-0.002977
-0.008934
-0.009305
0.004931
-0.009074
-0.009382
0.008842
-0.000217
-0.007427
0.006899
0.000000
0.028715
0.124430
0.000000
0.000000
0.000000
0.000000
0.000000
0.000000
0.000000
0.000000
-0.038286
0.000000
0.000000
0.000000
0.000000
0.000000
0.000000
-0.038286
0.000000
0.000000
0.000000
0.000000
0.000000
0.000000
-0.038286
0.000000
0.000000
0.000000
0.000000
0.000000
-0.038286
0.000000
0.000000
0.000000
0.000000
0.000000
0.000000
-0.038286
0.000000
0.000000
0.000000
0.000000
0.000000
0.000000
-0.038286
0.000000
0.000000
0.000000
0.000000
0.000000
0.000000
-0.038286
0.000000
-0.023863
-0.103406
0.000000
0.000000
0.000000
0.000000
0.000000
0.000000
0.000000
0.000000
0.031817
0.000000
0.000000
0.000000
0.000000
0.000000
0.000000
0.031817
0.000000
0.000000
0.000000
0.000000
0.000000
0.000000
0.031817
0.000000
0.000000
0.000000
0.000000
0.000000
0.031817
0.000000
0.000000
0.000000
0.000000
0.000000
0.000000
0.031817
0.000000
0.000000
0.000000
0.000000
0.000000
0.000000
0.031817
0.000000
0.000000
0.000000
0.000000
0.000000
0.000000
0.031817
0.000000
0.000001
0.000004
0.000000
0.000000
0.000000
0.000000
0.000000
0.000000
0.000000
0.000000
-0.000001
0.000000
0.000000
0.000000
0.000000
0.000000
0.000000
-0.000001
0.000000
0.000000
0.000000
0.000000
0.000000
0.000000
-0.000001
0.000000
0.000000
0.000000
0.000000
0.000000
-0.000001
0.000000
0.000000
0.000000
0.000000
0.000000
0.000000
-0.000001
0.000000
0.000000
0.000000
0.000000
0.000000
0.000000
-0.000001
0.000000
0.000000
0.000000
0.000000
0.000000
0.000000
-0.000001
0.000000
-0.004504
-0.019519
0.000000
0.000000
0.000000
0.000000
0.000000
0.000000
0.000000
0.000000
0.006006
0.000000
0.000000
0.000000
0.000000
0.000000
0.000000
0.006006
0.000000
0.000000
0.000000
0.000000
0.000000
0.000000
0.006006
0.000000
0.000000
0.000000
0.000000
0.000000
0.006006
0.000000
0.000000
0.000000
0.000000
0.000000
0.000000
0.006006
0.000000
0.000000
0.000000
0.000000
0.000000
0.000000
0.006006
0.000000
0.000000
0.000000
0.000000
0.000000
0.000000
0.006006
0.000000
-0.016613
-0.071989
0.000000
0.000000
0.000000
0.000000
0.000000
0.000000
0.000000
0.000000
0.022151
0.000000
0.000000
0.000000
0.000000
0.000000
0.000000
0.022151
0.000000
0.000000
0.000000
0.000000
0.000000
0.000000
0.022151
0.000000
0.000000
0.000000
0.000000
0.000000
0.022151
0.000000
0.000000
0.000000
0.000000
0.000000
0.000000
0.022151
0.000000
0.000000
0.000000
0.000000
0.000000
0.000000
0.022151
0.000000
0.000000
0.000000
0.000000
0.000000
0.000000
0.022151
0.000000
0.015359
0.066557
0.000000
0.000000
0.000000
0.000000
0.000000
0.000000
0.000000
0.000000
-0.020479
0.000000
0.000000
0.000000
0.000000
0.000000
0.000000
-0.020479
0.000000
0.000000
0.000000
0.000000
0.000000
0.000000
-0.020479
0.000000
0.000000
0.000000
0.000000
0.000000
-0.020479
0.000000
0.000000
0.000000
0.000000
0.000000
0.000000
-0.020479
0.000000
0.000000
0.000000
0.000000
0.000000
0.000000
-0.020479
0.000000
0.000000
0.000000
0.000000
0.000000
0.000000
-0.020479
0.000000
0.025667
0.111225
0.000000
0.000000
0.000000
0.000000
0.000000
0.000000
0.000000
0.000000
-0.034223
0.000000
0.000000
0.000000
0.000000
0.000000
0.000000
-0.034223
0.000000
0.000000
0.000000
0.000000
0.000000
0.000000
-0.034223
0.000000
0.000000
0.000000
0.000000
0.000000
-0.034223
0.000000
0.000000
0.000000
0.000000
0.000000
0.000000
-0.034223
0.000000
0.000000
0.000000
0.000000
0.000000
0.000000
-0.034223
0.000000
0.000000
0.000000
0.000000
0.000000
0.000000
-0.034223
0.000000
-0.023468
-0.101697
0.000000
0.000000
0.000000
0.000000
0.000000
0.000000
0.000000
0.000000
0.031291
0.000000
0.000000
0.000000
0.000000
0.000000
0.000000
0.031291
0.000000
0.000000
0.000000
0.000000
0.000000
0.000000
0.031291
0.000000
0.000000
0.000000
0.000000
0.000000
0.031291
0.000000
0.000000
0.000000
0.000000
0.000000
0.000000
0.031291
0.000000
0.000000
0.000000
0.000000
0.000000
0.000000
0.031291
0.000000
0.000000
0.000000
0.000000
0.000000
0.000000
0.031291
0.000000
-0.009941
-0.043076
0.000000
0.000000
0.000000
0.000000
0.000000
0.000000
0.000000
0.000000
0.013254
0.000000
0.000000
0.000000
0.000000
0.000000
0.000000
0.013254
0.000000
0.000000
0.000000
0.000000
0.000000
0.000000
0.013254
0.000000
0.000000
0.000000
0.000000
0.000000
0.013254
0.000000
0.000000
0.000000
0.000000
0.000000
0.000000
0.013254
0.000000
0.000000
0.000000
0.000000
0.000000
0.000000
0.013254
0.000000
0.000000
0.000000
0.000000
0.000000
0.000000
0.013254
0.000000
-0.001423
-0.006169
0.000000
0.000000
0.000000
0.000000
0.000000
0.000000
0.000000
0.000000
0.001898
0.000000
0.000000
0.000000
0.000000
0.000000
0.000000
0.001898
0.000000
0.000000
0.000000
0.000000
0.000000
0.000000
0.001898
0.000000
0.000000
0.000000
0.000000
0.000000
0.001898
0.000000
0.000000
0.000000
0.000000
0.000000
0.000000
0.001898
0.000000
0.000000
0.000000
0.000000
0.000000
0.000000
0.001898
0.000000
0.000000
0.000000
0.000000
0.000000
0.000000
0.001898
0.000000
-0.025409
-0.110108
0.000000
0.000000
0.000000
0.000000
0.000000
0.000000
0.000000
0.000000
0.033880
0.000000
0.000000
0.000000
0.000000
0.000000
0.000000
0.033880
0.000000
0.000000
0.000000
0.000000
0.000000
0.000000
0.033880
0.000000
0.000000
0.000000
0.000000
0.000000
0.033880
0.000000
0.000000
0.000000
0.000000
0.000000
0.000000
0.033880
0.000000
0.000000
0.000000
0.000000
0.000000
0.000000
0.033880
0.000000
0.000000
0.000000
0.000000
0.000000
0.000000
0.033880
0.000000
0.004345
0.018829
0.000000
0.000000
0.000000
0.000000
0.000000
0.000000
0.000000
0.000000
-0.005794
0.000000
0.000000
0.000000
0.000000
0.000000
0.000000
-0.005794
0.000000
0.000000
0.000000
0.000000
0.000000
0.000000
-0.005794
0.000000
0.000000
0.000000
0.000000
0.000000
-0.005794
0.000000
0.000000
0.000000
0.000000
0.000000
0.000000
-0.005794
0.000000
0.000000
0.000000
0.000000
0.000000
0.000000
-0.005794
0.000000
0.000000
0.000000
0.000000
0.000000
0.000000
-0.005794
0.000000
0.027764
0.120314
0.000000
0.000000
0.000000
0.000000
0.000000
0.000000
0.000000
0.000000
-0.037020
0.000000
0.000000
0.000000
0.000000
0.000000
0.000000
-0.037020
0.000000
0.000000
0.000000
0.000000
0.000000
0.000000
-0.037020
0.000000
0.000000
0.000000
0.000000
0.000000
-0.037020
0.000000
0.000000
0.000000
0.000000
0.000000
0.000000
-0.037020
0.000000
0.000000
0.000000
0.000000
0.000000
0.000000
-0.037020
0.000000
0.000000
0.000000
0.000000
0.000000
0.000000
-0.037020
0.000000
-0.002211
-0.009579
0.000000
0.000000
0.000000
0.000000
0.000000
0.000000
0.000000
0.000000
0.002948
0.000000
0.000000
0.000000
0.000000
0.000000
0.000000
0.002948
0.000000
0.000000
0.000000
0.000000
0.000000
0.000000
0.002948
0.000000
0.000000
0.000000
0.000000
0.000000
0.002948
0.000000
0.000000
0.000000
0.000000
0.000000
0.000000
0.002948
0.000000
0.000000
0.000000
0.000000
0.000000
0.000000
0.002948
0.000000
0.000000
0.000000
0.000000
0.000000
0.000000
0.002948
0.000000
0.022618
0.098013
0.000000
0.000000
0.000000
0.000000
0.000000
0.000000
0.000000
0.000000
-0.030158
0.000000
0.000000
0.000000
0.000000
0.000000
0.000000
-0.030158
0.000000
0.000000
0.000000
0.000000
0.000000
0.000000
-0.030158
0.000000
0.000000
0.000000
0.000000
0.000000
-0.030158
0.000000
0.000000
0.000000
0.000000
0.000000
0.000000
-0.030158
0.000000
0.000000
0.000000
0.000000
0.000000
0.000000
-0.030158
0.000000
0.000000
0.000000
0.000000
0.000000
0.000000
-0.030158
0.000000
0.011770
0.051001
0.000000
0.000000
0.000000
0.000000
0.000000
0.000000
0.000000
0.000000
-0.015693
0.000000
0.000000
0.000000
0.000000
0.000000
0.000000
-0.015693
0.000000
0.000000
0.000000
0.000000
0.000000
0.000000
-0.015693
0.000000
0.000000
0.000000
0.000000
0.000000
-0.015693
0.000000
0.000000
0.000000
0.000000
0.000000
0.000000
-0.015693
0.000000
0.000000
0.000000
0.000000
0.000000
0.000000
-0.015693
0.000000
0.000000
0.000000
0.000000
0.000000
0.000000
-0.015693
0.000000
0.001957
0.008482
0.000000
0.000000
0.000000
0.000000
0.000000
0.000000
0.000000
0.000000
-0.002610
0.000000
0.000000
0.000000
0.000000
0.000000
0.000000
-0.002610
0.000000
0.000000
0.000000
0.000000
0.000000
0.000000
-0.002610
0.000000
0.000000
0.000000
0.000000
0.000000
-0.002610
0.000000
0.000000
0.000000
0.000000
0.000000
0.000000
-0.002610
0.000000
0.000000
0.000000
0.000000
0.000000
0.000000
-0.002610
0.000000
0.000000
0.000000
0.000000
0.000000
0.000000
-0.002610
0.000000
-0.011001
-0.047672
0.000000
0.000000
0.000000
0.000000
0.000000
0.000000
0.000000
0.000000
0.014668
0.000000
0.000000
0.000000
0.000000
0.000000
0.000000
0.014668
0.000000
0.000000
0.000000
0.000000
0.000000
0.000000
0.014668
0.000000
0.000000
0.000000
0.000000
0.000000
0.014668
0.000000
0.000000
0.000000
0.000000
0.000000
0.000000
0.014668
0.000000
0.000000
0.000000
0.000000
0.000000
0.000000
0.014668
0.000000
0.000000
0.000000
0.000000
0.000000
0.000000
0.014668
0.000000
-0.010829
-0.046925
0.000000
0.000000
0.000000
0.000000
0.000000
0.000000
0.000000
0.000000
0.014438
0.000000
0.000000
0.000000
0.000000
0.000000
0.000000
0.014438
0.000000
0.000000
0.000000
0.000000
0.000000
0.000000
0.014438
0.000000
0.000000
0.000000
0.000000
0.000000
0.014438
0.000000
0.000000
0.000000
0.000000
0.000000
0.000000
0.014438
0.000000
0.000000
0.000000
0.000000
0.000000
0.000000
0.014438
0.000000
0.000000
0.000000
0.000000
0.000000
0.000000
0.014438
0.000000
-0.026519
-0.114917
0.000000
0.000000
0.000000
0.000000
0.000000
0.000000
0.000000
0.000000
0.035359
0.000000
0.000000
0.000000
0.000000
0.000000
0.000000
0.035359
0.000000
0.000000
0.000000
0.000000
0.000000
0.000000
0.035359
0.000000
0.000000
0.000000
0.000000
0.000000
0.035359
0.000000
0.000000
0.000000
0.000000
0.000000
0.000000
0.035359
0.000000
0.000000
0.000000
0.000000
0.000000
0.000000
0.035359
0.000000
0.000000
0.000000
0.000000
0.000000
0.000000
0.035359
0.000000
0.021542
0.093349
0.000000
0.000000
0.000000
0.000000
0.000000
0.000000
0.000000
0.000000
-0.028723
0.000000
0.000000
0.000000
0.000000
0.000000
0.000000
-0.028723
0.000000
0.000000
0.000000
0.000000
0.000000
0.000000
-0.028723
0.000000
0.000000
0.000000
0.000000
0.000000
-0.028723
0.000000
0.000000
0.000000
0.000000
0.000000
0.000000
-0.028723
0.000000
0.000000
0.000000
0.000000
0.000000
0.000000
-0.028723
0.000000
0.000000
0.000000
0.000000
0.000000
0.000000
-0.028723
0.000000
0.021130
0.091562
0.000000
0.000000
0.000000
0.000000
0.000000
0.000000
0.000000
0.000000
-0.028173
0.000000
0.000000
0.000000
0.000000
0.000000
0.000000
-0.028173
0.000000
0.000000
0.000000
0.000000
0.000000
0.000000
-0.028173
0.000000
0.000000
0.000000
0.000000
0.000000
-0.028173
0.000000
0.000000
0.000000
0.000000
0.000000
0.000000
-0.028173
0.000000
0.000000
0.000000
0.000000
0.000000
0.000000
-0.028173
0.000000
0.000000
0.000000
0.000000
0.000000
0.000000
-0.028173
0.000000
0.024302
0.105310
0.000000
0.000000
0.000000
0.000000
0.000000
0.000000
0.000000
0.000000
-0.032403
0.000000
0.000000
0.000000
0.000000
0.000000
0.000000
-0.032403
0.000000
0.000000
0.000000
0.000000
0.000000
0.000000
-0.032403
0.000000
0.000000
0.000000
0.000000
0.000000
-0.032403
0.000000
0.000000
0.000000
0.000000
0.000000
0.000000
-0.032403
0.000000
0.000000
0.000000
0.000000
0.000000
0.000000
-0.032403
0.000000
0.000000
0.000000
0.000000
0.000000
0.000000
-0.032403
0.000000
0.007038
0.030500
0.000000
0.000000
0.000000
0.000000
0.000000
0.000000
0.000000
0.000000
-0.009384
0.000000
0.000000
0.000000
0.000000
0.000000
0.000000
-0.009384
0.000000
0.000000
0.000000
0.000000
0.000000
0.000000
-0.009384
0.000000
0.000000
0.000000
0.000000
0.000000
-0.009384
0.000000
0.000000
0.000000
0.000000
0.000000
0.000000
-0.009384
0.000000
0.000000
0.000000
0.000000
0.000000
0.000000
-0.009384
0.000000
0.000000
0.000000
0.000000
0.000000
0.000000
-0.009384
0.000000
-0.028364
-0.122910
0.000000
0.000000
0.000000
0.000000
0.000000
0.000000
0.000000
0.000000
0.037818
0.000000
0.000000
0.000000
0.000000
0.000000
0.000000
0.037818
0.000000
0.000000
0.000000
0.000000
0.000000
0.000000
0.037818
0.000000
0.000000
0.000000
0.000000
0.000000
0.037818
0.000000
0.000000
0.000000
0.000000
0.000000
0.000000
0.037818
0.000000
0.000000
0.000000
0.000000
0.000000
0.000000
0.037818
0.000000
0.000000
0.000000
0.000000
0.000000
0.000000
0.037818
0.000000
-0.005582
-0.024191
0.000000
0.000000
0.000000
0.000000
0.000000
0.000000
0.000000
0.000000
0.007443
0.000000
0.000000
0.000000
0.000000
0.000000
0.000000
0.007443
0.000000
0.000000
0.000000
0.000000
0.000000
0.000000
0.007443
0.000000
0.000000
0.000000
0.000000
0.000000
0.007443
0.000000
0.000000
0.000000
0.000000
0.000000
0.000000
0.007443
0.000000
0.000000
0.000000
0.000000
0.000000
0.000000
0.007443
0.000000
0.000000
0.000000
0.000000
0.000000
0.000000
0.007443
0.000000
0.019531
0.084636
0.000000
0.000000
0.000000
0.000000
0.000000
0.000000
0.000000
0.000000
-0.026042
0.000000
0.000000
0.000000
0.000000
0.000000
0.000000
-0.026042
0.000000
0.000000
0.000000
0.000000
0.000000
0.000000
-0.026042
0.000000
0.000000
0.000000
0.000000
0.000000
-0.026042
0.000000
0.000000
0.000000
0.000000
0.000000
0.000000
-0.026042
0.000000
0.000000
0.000000
0.000000
0.000000
0.000000
-0.026042
0.000000
0.000000
0.000000
0.000000
0.000000
0.000000
-0.026042
0.000000
-0.027499
-0.119163
0.000000
0.000000
0.000000
0.000000
0.000000
0.000000
0.000000
0.000000
0.036666
0.000000
0.000000
0.000000
0.000000
0.000000
0.000000
0.036666
0.000000
0.000000
0.000000
0.000000
0.000000
0.000000
0.036666
0.000000
0.000000
0.000000
0.000000
0.000000
0.036666
0.000000
0.000000
0.000000
0.000000
0.000000
0.000000
0.036666
0.000000
0.000000
0.000000
0.000000
0.000000
0.000000
0.036666
0.000000
0.000000
0.000000
0.000000
0.000000
0.000000
0.036666
0.000000
0.019631
0.085070
0.000000
0.000000
0.000000
0.000000
0.000000
0.000000
0.000000
0.000000
-0.026175
0.000000
0.000000
0.000000
0.000000
0.000000
0.000000
-0.026175
0.000000
0.000000
0.000000
0.000000
0.000000
0.000000
-0.026175
0.000000
0.000000
0.000000
0.000000
0.000000
-0.026175
0.000000
0.000000
0.000000
0.000000
0.000000
0.000000
-0.026175
0.000000
0.000000
0.000000
0.000000
0.000000
0.000000
-0.026175
0.000000
0.000000
0.000000
0.000000
0.000000
0.000000
-0.026175
0.000000
-0.018216
-0.078935
0.000000
0.000000
0.000000
0.000000
0.000000
0.000000
0.000000
0.000000
0.024287
0.000000
0.000000
0.000000
0.000000
0.000000
0.000000
0.024287
0.000000
0.000000
0.000000
0.000000
0.000000
0.000000
0.024287
0.000000
0.000000
0.000000
0.000000
0.000000
0.024287
0.000000
0.000000
0.000000
0.000000
0.000000
0.000000
0.024287
0.000000
0.000000
0.000000
0.000000
0.000000
0.000000
0.024287
0.000000
0.000000
0.000000
0.000000
0.000000
0.000000
0.024287
0.000000
0.015783
0.068393
0.000000
0.000000
0.000000
0.000000
0.000000
0.000000
0.000000
0.000000
-0.021044
0.000000
0.000000
0.000000
0.000000
0.000000
0.000000
-0.021044
0.000000
0.000000
0.000000
0.000000
0.000000
0.000000
-0.021044
0.000000
0.000000
0.000000
0.000000
0.000000
-0.021044
0.000000
0.000000
0.000000
0.000000
0.000000
0.000000
-0.021044
0.000000
0.000000
0.000000
0.000000
0.000000
0.000000
-0.021044
0.000000
0.000000
0.000000
0.000000
0.000000
0.000000
-0.021044
0.000000
0.023091
0.100062
0.000000
0.000000
0.000000
0.000000
0.000000
0.000000
0.000000
0.000000
-0.030789
0.000000
0.000000
0.000000
0.000000
0.000000
0.000000
-0.030789
0.000000
0.000000
0.000000
0.000000
0.000000
0.000000
-0.030789
0.000000
0.000000
0.000000
0.000000
0.000000
-0.030789
0.000000
0.000000
0.000000
0.000000
0.000000
0.000000
-0.030789
0.000000
0.000000
0.000000
0.000000
0.000000
0.000000
-0.030789
0.000000
0.000000
0.000000
0.000000
0.000000
0.000000
-0.030789
0.000000
0.024269
0.105165
0.000000
0.000000
0.000000
0.000000
0.000000
0.000000
0.000000
0.000000
-0.032358
0.000000
0.000000
0.000000
0.000000
0.000000
0.000000
-0.032358
0.000000
0.000000
0.000000
0.000000
0.000000
0.000000
-0.032358
0.000000
0.000000
0.000000
0.000000
0.000000
-0.032358
0.000000
0.000000
0.000000
0.000000
0.000000
0.000000
-0.032358
0.000000
0.000000
0.000000
0.000000
0.000000
0.000000
-0.032358
0.000000
0.000000
0.000000
0.000000
0.000000
0.000000
-0.032358
0.000000
-0.010926
-0.047347
0.000000
0.000000
0.000000
0.000000
0.000000
0.000000
0.000000
0.000000
0.014568
0.000000
0.000000
0.000000
0.000000
0.000000
0.000000
0.014568
0.000000
0.000000
0.000000
0.000000
0.000000
0.000000
0.014568
0.000000
0.000000
0.000000
0.000000
0.000000
0.014568
0.000000
0.000000
0.000000
0.000000
0.000000
0.000000
0.014568
0.000000
0.000000
0.000000
0.000000
0.000000
0.000000
0.014568
0.000000
0.000000
0.000000
0.000000
0.000000
0.000000
0.014568
0.000000
0.021998
0.095326
0.000000
0.000000
0.000000
0.000000
0.000000
0.000000
0.000000
0.000000
-0.029331
0.000000
0.000000
0.000000
0.000000
0.000000
0.000000
-0.029331
0.000000
0.000000
0.000000
0.000000
0.000000
0.000000
-0.029331
0.000000
0.000000
0.000000
0.000000
0.000000
-0.029331
0.000000
0.000000
0.000000
0.000000
0.000000
0.000000
-0.029331
0.000000
0.000000
0.000000
0.000000
0.000000
0.000000
-0.029331
0.000000
0.000000
0.000000
0.000000
0.000000
0.000000
-0.029331
0.000000
-0.028568
-0.123797
0.000000
0.000000
0.000000
0.000000
0.000000
0.000000
0.000000
0.000000
0.038091
0.000000
0.000000
0.000000
0.000000
0.000000
0.000000
0.038091
0.000000
0.000000
0.000000
0.000000
0.000000
0.000000
0.038091
0.000000
0.000000
0.000000
0.000000
0.000000
0.038091
0.000000
0.000000
0.000000
0.000000
0.000000
0.000000
0.038091
0.000000
0.000000
0.000000
0.000000
0.000000
0.000000
0.038091
0.000000
0.000000
0.000000
0.000000
0.000000
0.000000
0.038091
0.000000
-0.025961
-0.112497
0.000000
0.000000
0.000000
0.000000
0.000000
0.000000
0.000000
0.000000
0.034615
0.000000
0.000000
0.000000
0.000000
0.000000
0.000000
0.034615
0.000000
0.000000
0.000000
0.000000
0.000000
0.000000
0.034615
0.000000
0.000000
0.000000
0.000000
0.000000
0.034615
0.000000
0.000000
0.000000
0.000000
0.000000
0.000000
0.034615
0.000000
0.000000
0.000000
0.000000
0.000000
0.000000
0.034615
0.000000
0.000000
0.000000
0.000000
0.000000
0.000000
0.034615
0.000000
-0.025749
-0.111580
0.000000
0.000000
0.000000
0.000000
0.000000
0.000000
0.000000
0.000000
0.034332
0.000000
0.000000
0.000000
0.000000
0.000000
0.000000
0.034332
0.000000
0.000000
0.000000
0.000000
0.000000
0.000000
0.034332
0.000000
0.000000
0.000000
0.000000
0.000000
0.034332
0.000000
0.000000
0.000000
0.000000
0.000000
0.000000
0.034332
0.000000
0.000000
0.000000
0.000000
0.000000
0.000000
0.034332
0.000000
0.000000
0.000000
0.000000
0.000000
0.000000
0.034332
0.000000
0.020812
0.090185
0.000000
0.000000
0.000000
0.000000
0.000000
0.000000
0.000000
0.000000
-0.027749
0.000000
0.000000
0.000000
0.000000
0.000000
0.000000
-0.027749
0.000000
0.000000
0.000000
0.000000
0.000000
0.000000
-0.027749
0.000000
0.000000
0.000000
0.000000
0.000000
-0.027749
0.000000
0.000000
0.000000
0.000000
0.000000
0.000000
-0.027749
0.000000
0.000000
0.000000
0.000000
0.000000
0.000000
-0.027749
0.000000
0.000000
0.000000
0.000000
0.000000
0.000000
-0.027749
0.000000
0.000582
0.002522
0.000000
0.000000
0.000000
0.000000
0.000000
0.000000
0.000000
0.000000
-0.000776
0.000000
0.000000
0.000000
0.000000
0.000000
0.000000
-0.000776
0.000000
0.000000
0.000000
0.000000
0.000000
0.000000
-0.000776
0.000000
0.000000
0.000000
0.000000
0.000000
-0.000776
0.000000
0.000000
0.000000
0.000000
0.000000
0.000000
-0.000776
0.000000
0.000000
0.000000
0.000000
0.000000
0.000000
-0.000776
0.000000
0.000000
0.000000
0.000000
0.000000
0.000000
-0.000776
0.000000
-0.015258
-0.066120
0.000000
0.000000
0.000000
0.000000
0.000000
0.000000
0.000000
0.000000
0.020344
0.000000
0.000000
0.000000
0.000000
0.000000
0.000000
0.020344
0.000000
0.000000
0.000000
0.000000
0.000000
0.000000
0.020344
0.000000
0.000000
0.000000
0.000000
0.000000
0.020344
0.000000
0.000000
0.000000
0.000000
0.000000
0.000000
0.020344
0.000000
0.000000
0.000000
0.000000
0.000000
0.000000
0.020344
0.000000
0.000000
0.000000
0.000000
0.000000
0.000000
0.020344
0.000000
-0.025544
-0.110690
0.000000
0.000000
0.000000
0.000000
0.000000
0.000000
0.000000
0.000000
0.034058
0.000000
0.000000
0.000000
0.000000
0.000000
0.000000
0.034058
0.000000
0.000000
0.000000
0.000000
0.000000
0.000000
0.034058
0.000000
0.000000
0.000000
0.000000
0.000000
0.034058
0.000000
0.000000
0.000000
0.000000
0.000000
0.000000
0.034058
0.000000
0.000000
0.000000
0.000000
0.000000
0.000000
0.034058
0.000000
0.000000
0.000000
0.000000
0.000000
0.000000
0.034058
0.000000
0.011385
0.049334
0.000000
0.000000
0.000000
0.000000
0.000000
0.000000
0.000000
0.000000
-0.015180
0.000000
0.000000
0.000000
0.000000
0.000000
0.000000
-0.015180
0.000000
0.000000
0.000000
0.000000
0.000000
0.000000
-0.015180
0.000000
0.000000
0.000000
0.000000
0.000000
-0.015180
0.000000
0.000000
0.000000
0.000000
0.000000
0.000000
-0.015180
0.000000
0.000000
0.000000
0.000000
0.000000
0.000000
-0.015180
0.000000
0.000000
0.000000
0.000000
0.000000
0.000000
-0.015180
0.000000
0.026628
0.115389
0.000000
0.000000
0.000000
0.000000
0.000000
0.000000
0.000000
0.000000
-0.035504
0.000000
0.000000
0.000000
0.000000
0.000000
0.000000
-0.035504
0.000000
0.000000
0.000000
0.000000
0.000000
0.000000
-0.035504
0.000000
0.000000
0.000000
0.000000
0.000000
-0.035504
0.000000
0.000000
0.000000
0.000000
0.000000
0.000000
-0.035504
0.000000
0.000000
0.000000
0.000000
0.000000
0.000000
-0.035504
0.000000
0.000000
0.000000
0.000000
0.000000
0.000000
-0.035504
0.000000
-0.026974
-0.116886
0.000000
0.000000
0.000000
0.000000
0.000000
0.000000
0.000000
0.000000
0.035965
0.000000
0.000000
0.000000
0.000000
0.000000
0.000000
0.035965
0.000000
0.000000
0.000000
0.000000
0.000000
0.000000
0.035965
0.000000
0.000000
0.000000
0.000000
0.000000
0.035965
0.000000
0.000000
0.000000
0.000000
0.000000
0.000000
0.035965
0.000000
0.000000
0.000000
0.000000
0.000000
0.000000
0.035965
0.000000
0.000000
0.000000
0.000000
0.000000
0.000000
0.035965
0.000000
-0.022857
-0.099045
0.000000
0.000000
0.000000
0.000000
0.000000
0.000000
0.000000
0.000000
0.030475
0.000000
0.000000
0.000000
0.000000
0.000000
0.000000
0.030475
0.000000
0.000000
0.000000
0.000000
0.000000
0.000000
0.030475
0.000000
0.000000
0.000000
0.000000
0.000000
0.030475
0.000000
0.000000
0.000000
0.000000
0.000000
0.000000
0.030475
0.000000
0.000000
0.000000
0.000000
0.000000
0.000000
0.030475
0.000000
0.000000
0.000000
0.000000
0.000000
0.000000
0.030475
0.000000
0.011611
0.050313
0.000000
0.000000
0.000000
0.000000
0.000000
0.000000
0.000000
0.000000
-0.015481
0.000000
0.000000
0.000000
0.000000
0.000000
0.000000
-0.015481
0.000000
0.000000
0.000000
0.000000
0.000000
0.000000
-0.015481
0.000000
0.000000
0.000000
0.000000
0.000000
-0.015481
0.000000
0.000000
0.000000
0.000000
0.000000
0.000000
-0.015481
0.000000
0.000000
0.000000
0.000000
0.000000
0.000000
-0.015481
0.000000
0.000000
0.000000
0.000000
0.000000
0.000000
-0.015481
0.000000
0.017786
0.077074
0.000000
0.000000
0.000000
0.000000
0.000000
0.000000
0.000000
0.000000
-0.023715
0.000000
0.000000
0.000000
0.000000
0.000000
0.000000
-0.023715
0.000000
0.000000
0.000000
0.000000
0.000000
0.000000
-0.023715
0.000000
0.000000
0.000000
0.000000
0.000000
-0.023715
0.000000
0.000000
0.000000
0.000000
0.000000
0.000000
-0.023715
0.000000
0.000000
0.000000
0.000000
0.000000
0.000000
-0.023715
0.000000
0.000000
0.000000
0.000000
0.000000
0.000000
-0.023715
0.000000
-0.026332
-0.114107
0.000000
0.000000
0.000000
0.000000
0.000000
0.000000
0.000000
0.000000
0.035110
0.000000
0.000000
0.000000
0.000000
0.000000
0.000000
0.035110
0.000000
0.000000
0.000000
0.000000
0.000000
0.000000
0.035110
0.000000
0.000000
0.000000
0.000000
0.000000
0.035110
0.000000
0.000000
0.000000
0.000000
0.000000
0.000000
0.035110
0.000000
0.000000
0.000000
0.000000
0.000000
0.000000
0.035110
0.000000
0.000000
0.000000
0.000000
0.000000
0.000000
0.035110
0.000000
0.000834
0.003615
0.000000
0.000000
0.000000
0.000000
0.000000
0.000000
0.000000
0.000000
-0.001112
0.000000
0.000000
0.000000
0.000000
0.000000
0.000000
-0.001112
0.000000
0.000000
0.000000
0.000000
0.000000
0.000000
-0.001112
0.000000
0.000000
0.000000
0.000000
0.000000
-0.001112
0.000000
0.000000
0.000000
0.000000
0.000000
0.000000
-0.001112
0.000000
0.000000
0.000000
0.000000
0.000000
0.000000
-0.001112
0.000000
0.000000
0.000000
0.000000
0.000000
0.000000
-0.001112
0.000000
-0.018873
-0.081782
0.000000
0.000000
0.000000
0.000000
0.000000
0.000000
0.000000
0.000000
0.025163
0.000000
0.000000
0.000000
0.000000
0.000000
0.000000
0.025163
0.000000
0.000000
0.000000
0.000000
0.000000
0.000000
0.025163
0.000000
0.000000
0.000000
0.000000
0.000000
0.025163
0.000000
0.000000
0.000000
0.000000
0.000000
0.000000
0.025163
0.000000
0.000000
0.000000
0.000000
0.000000
0.000000
0.025163
0.000000
0.000000
0.000000
0.000000
0.000000
0.000000
0.025163
0.000000
0.005904
0.025584
0.000000
0.000000
0.000000
0.000000
0.000000
0.000000
0.000000
0.000000
-0.007872
0.000000
0.000000
0.000000
0.000000
0.000000
0.000000
-0.007872
0.000000
0.000000
0.000000
0.000000
0.000000
0.000000
-0.007872
0.000000
0.000000
0.000000
0.000000
0.000000
-0.007872
0.000000
0.000000
0.000000
0.000000
0.000000
0.000000
-0.007872
0.000000
0.000000
0.000000
0.000000
0.000000
0.000000
-0.007872
0.000000
0.000000
0.000000
0.000000
0.000000
0.000000
-0.007872
0.000000
-0.000207
-0.000899
0.000000
0.000000
0.000000
0.000000
0.000000
0.000000
0.000000
0.000000
0.000276
0.000000
0.000000
0.000000
0.000000
0.000000
0.000000
0.000276
0.000000
0.000000
0.000000
0.000000
0.000000
0.000000
0.000276
0.000000
0.000000
0.000000
0.000000
0.000000
0.000276
0.000000
0.000000
0.000000
0.000000
0.000000
0.000000
0.000276
0.000000
0.000000
0.000000
0.000000
0.000000
0.000000
0.000276
0.000000
0.000000
0.000000
0.000000
0.000000
0.000000
0.000276
0.000000
0.024375
0.105624
0.000000
0.000000
0.000000
0.000000
0.000000
0.000000
0.000000
0.000000
-0.032500
0.000000
0.000000
0.000000
0.000000
0.000000
0.000000
-0.032500
0.000000
0.000000
0.000000
0.000000
0.000000
0.000000
-0.032500
0.000000
0.000000
0.000000
0.000000
0.000000
-0.032500
0.000000
0.000000
0.000000
0.000000
0.000000
0.000000
-0.032500
0.000000
0.000000
0.000000
0.000000
0.000000
0.000000
-0.032500
0.000000
0.000000
0.000000
0.000000
0.000000
0.000000
-0.032500
0.000000
-0.008931
-0.038700
0.000000
0.000000
0.000000
0.000000
0.000000
0.000000
0.000000
0.000000
0.011908
0.000000
0.000000
0.000000
0.000000
0.000000
0.000000
0.011908
0.000000
0.000000
0.000000
0.000000
0.000000
0.000000
0.011908
0.000000
0.000000
0.000000
0.000000
0.000000
0.011908
0.000000
0.000000
0.000000
0.000000
0.000000
0.000000
0.011908
0.000000
0.000000
0.000000
0.000000
0.000000
0.000000
0.011908
0.000000
0.000000
0.000000
0.000000
0.000000
0.000000
0.011908
0.000000
-0.026801
-0.116137
0.000000
0.000000
0.000000
0.000000
0.000000
0.000000
0.000000
0.000000
0.035735
0.000000
0.000000
0.000000
0.000000
0.000000
0.000000
0.035735
0.000000
0.000000
0.000000
0.000000
0.000000
0.000000
0.035735
0.000000
0.000000
0.000000
0.000000
0.000000
0.035735
0.000000
0.000000
0.000000
0.000000
0.000000
0.000000
0.035735
0.000000
0.000000
0.000000
0.000000
0.000000
0.000000
0.035735
0.000000
0.000000
0.000000
0.000000
0.000000
0.000000
0.035735
0.000000
-0.027915
-0.120966
0.000000
0.000000
0.000000
0.000000
0.000000
0.000000
0.000000
0.000000
0.037220
0.000000
0.000000
0.000000
0.000000
0.000000
0.000000
0.037220
0.000000
0.000000
0.000000
0.000000
0.000000
0.000000
0.037220
0.000000
0.000000
0.000000
0.000000
0.000000
0.037220
0.000000
0.000000
0.000000
0.000000
0.000000
0.000000
0.037220
0.000000
0.000000
0.000000
0.000000
0.000000
0.000000
0.037220
0.000000
0.000000
0.000000
0.000000
0.000000
0.000000
0.037220
0.000000
0.014791
0.064097
0.000000
0.000000
0.000000
0.000000
0.000000
0.000000
0.000000
0.000000
-0.019722
0.000000
0.000000
0.000000
0.000000
0.000000
0.000000
-0.019722
0.000000
0.000000
0.000000
0.000000
0.000000
0.000000
-0.019722
0.000000
0.000000
0.000000
0.000000
0.000000
-0.019722
0.000000
0.000000
0.000000
0.000000
0.000000
0.000000
-0.019722
0.000000
0.000000
0.000000
0.000000
0.000000
0.000000
-0.019722
0.000000
0.000000
0.000000
0.000000
0.000000
0.000000
-0.019722
0.000000
-0.027224
-0.117970
0.000000
0.000000
0.000000
0.000000
0.000000
0.000000
0.000000
0.000000
0.036298
0.000000
0.000000
0.000000
0.000000
0.000000
0.000000
0.036298
0.000000
0.000000
0.000000
0.000000
0.000000
0.000000
0.036298
0.000000
0.000000
0.000000
0.000000
0.000000
0.036298
0.000000
0.000000
0.000000
0.000000
0.000000
0.000000
0.036298
0.000000
0.000000
0.000000
0.000000
0.000000
0.000000
0.036298
0.000000
0.000000
0.000000
0.000000
0.000000
0.000000
0.036298
0.000000
-0.028147
-0.121969
0.000000
0.000000
0.000000
0.000000
0.000000
0.000000
0.000000
0.000000
0.037529
0.000000
0.000000
0.000000
0.000000
0.000000
0.000000
0.037529
0.000000
0.000000
0.000000
0.000000
0.000000
0.000000
0.037529
0.000000
0.000000
0.000000
0.000000
0.000000
0.037529
0.000000
0.000000
0.000000
0.000000
0.000000
0.000000
0.037529
0.000000
0.000000
0.000000
0.000000
0.000000
0.000000
0.037529
0.000000
0.000000
0.000000
0.000000
0.000000
0.000000
0.037529
0.000000
0.026525
0.114942
0.000000
0.000000
0.000000
0.000000
0.000000
0.000000
0.000000
0.000000
-0.035367
0.000000
0.000000
0.000000
0.000000
0.000000
0.000000
-0.035367
0.000000
0.000000
0.000000
0.000000
0.000000
0.000000
-0.035367
0.000000
0.000000
0.000000
0.000000
0.000000
-0.035367
0.000000
0.000000
0.000000
0.000000
0.000000
0.000000
-0.035367
0.000000
0.000000
0.000000
0.000000
0.000000
0.000000
-0.035367
0.000000
0.000000
0.000000
0.000000
0.000000
0.000000
-0.035367
0.000000
-0.000651
-0.002819
0.000000
0.000000
0.000000
0.000000
0.000000
0.000000
0.000000
0.000000
0.000867
0.000000
0.000000
0.000000
0.000000
0.000000
0.000000
0.000867
0.000000
0.000000
0.000000
0.000000
0.000000
0.000000
0.000867
0.000000
0.000000
0.000000
0.000000
0.000000
0.000867
0.000000
0.000000
0.000000
0.000000
0.000000
0.000000
0.000867
0.000000
0.000000
0.000000
0.000000
0.000000
0.000000
0.000867
0.000000
0.000000
0.000000
0.000000
0.000000
0.000000
0.000867
0.000000
-0.022280
-0.096549
0.000000
0.000000
0.000000
0.000000
0.000000
0.000000
0.000000
0.000000
0.029707
0.000000
0.000000
0.000000
0.000000
0.000000
0.000000
0.029707
0.000000
0.000000
0.000000
0.000000
0.000000
0.000000
0.029707
0.000000
0.000000
0.000000
0.000000
0.000000
0.029707
0.000000
0.000000
0.000000
0.000000
0.000000
0.000000
0.029707
0.000000
0.000000
0.000000
0.000000
0.000000
0.000000
0.029707
0.000000
0.000000
0.000000
0.000000
0.000000
0.000000
0.029707
0.000000
0.020698
0.089693
0.000000
0.000000
0.000000
0.000000
0.000000
0.000000
0.000000
0.000000
-0.027598
0.000000
0.000000
0.000000
0.000000
0.000000
0.000000
-0.027598
0.000000
0.000000
0.000000
0.000000
0.000000
0.000000
-0.027598
0.000000
0.000000
0.000000
0.000000
0.000000
-0.027598
0.000000
0.000000
0.000000
0.000000
0.000000
0.000000
-0.027598
0.000000
0.000000
0.000000
0.000000
0.000000
0.000000
-0.027598
0.000000
0.000000
0.000000
0.000000
0.000000
0.000000
-0.027598
0.065925
-0.053133
-0.036788
-0.070094
-0.040905
-0.039369
-0.095397
-0.102832
-0.012269
0.069094
0.079477
0.031546
0.048202
0.082366
-0.004625
-0.045450
0.049094
-0.036624
-0.072079
0.102636
-0.007481
0.045644
0.037634
0.100865
0.047843
0.021850
-0.000401
-0.053739
0.002074
-0.035551
0.044582
-0.078741
-0.046921
0.024309
-0.056839
0.014939
-0.011789
-0.090473
0.044801
0.092861
0.063325
-0.013592
0.040010
-0.099914
-0.054066
0.041997
-0.011374
-0.064726
-0.025663
-0.034900
0.053493
-0.054896
0.015023
-0.064451
-0.093139
0.073073
-0.041287
-0.059446
-0.039934
0.020351
0.032171
0.042473
0.005281
0.076639
-0.031946
0.023795
-0.000001
0.003662
0.014622
-0.013306
-0.026609
0.023212
0.008198
0.001165
0.026193
-0.003533
-0.030193
0.001806
-0.021992
-0.009834
-0.001600
0.009137
0.008984
0.028021
-0.020517
-0.019972
-0.024459
-0.005733
0.031288
0.004538
-0.017957
0.029719
-0.018078
0.016402
-0.013743
-0.022665
-0.024407
0.009070
-0.021133
0.031671
0.027090
0.026742
-0.019559
-0.000477
0.013202
0.026409
-0.009483
-0.028207
0.028799
0.022331
-0.009689
-0.015914
0.027707
-0.000683
0.017167
-0.004799
0.000171
-0.024569
0.007325
0.028503
0.030466
-0.012730
0.029234
0.030889
-0.028033
0.000533
0.021521
-0.019414
0.025631
-0.019015
0.000001
-0.002790
-0.011560
0.010494
0.021301
-0.018541
-0.006377
-0.000877
-0.020963
0.002690
0.024210
-0.001363
0.017549
0.007689
0.001206
-0.007129
-0.007006
-0.022447
0.016350
0.015907
0.019554
0.004413
-0.025098
-0.003473
0.014268
-0.023826
0.014367
-0.013005
0.010848
0.018096
0.019512
-0.007076
0.016851
-0.025408
-0.021691
-0.021409
0.015571
0.000358
-0.010410
-0.021138
0.007407
0.022598
-0.023079
-0.017824
0.007573
0.012609
-0.022193
0.000514
-0.013627
0.003678
-0.000128
0.019644
-0.005678
-0.022839
-0.024432
0.010027
-0.023432
-0.024774
0.022458
-0.000401
-0.017166
0.015453
0.017615
-0.012996
0.000001
-0.001792
-0.007795
0.007053
0.014593
-0.012666
-0.004211
-0.000554
-0.014357
0.001726
0.016623
-0.000864
0.011973
0.005112
0.000764
-0.004726
-0.004642
-0.015393
0.011135
0.010825
0.013373
0.002876
-0.017243
-0.002245
0.009682
-0.016355
0.009751
-0.008801
0.007299
0.012355
0.013344
-0.004690
0.011485
-0.017459
-0.014865
-0.014668
0.010591
0.000226
-0.006995
-0.014479
0.004918
0.015498
-0.015834
-0.012165
0.005032
0.008525
-0.015215
0.000324
-0.009234
0.002382
-0.000081
0.013435
-0.003733
-0.015666
-0.016778
0.006729
-0.016080
-0.017017
0.015400
-0.000253
-0.011705
0.010509
0.034002
-0.025357
0.000001
-0.003961
-0.015633
0.014238
0.028340
-0.024739
-0.008811
-0.001265
-0.027899
0.003822
0.032143
-0.001959
0.023446
0.010551
0.001736
-0.009809
-0.009647
-0.029838
0.021882
0.021304
0.026060
0.006180
-0.033304
-0.004901
0.019168
-0.031639
0.019297
-0.017521
0.014702
0.024159
0.026006
-0.009739
0.022535
-0.033710
-0.028850
-0.028481
0.020867
0.000518
-0.014128
-0.028128
0.010178
0.030035
-0.030663
-0.023804
0.010397
0.017004
-0.029505
0.000742
-0.018332
0.005181
-0.000185
0.026177
-0.007880
-0.030349
-0.032432
0.013627
-0.031125
-0.032880
0.029851
-0.000579
-0.022946
0.020713
0.019624
-0.014499
0.000001
-0.002030
-0.008724
0.007901
0.016270
-0.014131
-0.004737
-0.000631
-0.016009
0.001956
0.018524
-0.000982
0.013363
0.005742
0.000869
-0.005312
-0.005218
-0.017159
0.012433
0.012089
0.014917
0.003246
-0.019212
-0.002539
0.010820
-0.018226
0.010896
-0.009842
0.008175
0.013787
0.014884
-0.005272
0.012821
-0.019452
-0.016573
-0.016354
0.011829
0.000257
-0.007836
-0.016144
0.005525
0.017275
-0.017648
-0.013576
0.005652
0.009535
-0.016961
0.000369
-0.010323
0.002693
-0.000092
0.014986
-0.004205
-0.017462
-0.018695
0.007541
-0.017921
-0.018961
0.017166
-0.000288
-0.013066
0.011738
0.018874
-0.013937
0.000001
-0.001941
-0.008377
0.007583
0.015644
-0.013584
-0.004539
-0.000602
-0.015392
0.001869
0.017814
-0.000937
0.012843
0.005506
0.000829
-0.005092
-0.005002
-0.016499
0.011948
0.011617
0.014340
0.003107
-0.018476
-0.002429
0.010394
-0.017527
0.010468
-0.009453
0.007847
0.013251
0.014309
-0.005053
0.012322
-0.018707
-0.015935
-0.015724
0.011366
0.000245
-0.007521
-0.015522
0.005297
0.016612
-0.016970
-0.013049
0.005419
0.009157
-0.016309
0.000352
-0.009916
0.002576
-0.000088
0.014407
-0.004027
-0.016791
-0.017979
0.007237
-0.017234
-0.018235
0.016506
-0.000274
-0.012557
0.011278
0.046307
-0.034720
0.000003
-0.005882
-0.021794
0.019936
0.038704
-0.033896
-0.012639
-0.001915
-0.038114
0.005682
0.043804
-0.002955
0.032175
0.014996
0.002622
-0.013994
-0.013774
-0.040710
0.030095
0.029328
0.035658
0.009019
-0.045367
-0.007223
0.026491
-0.043128
0.026662
-0.024303
0.020554
0.033123
0.035585
-0.013899
0.030964
-0.045914
-0.039386
-0.038892
0.028747
0.000786
-0.019789
-0.038420
0.014492
0.040974
-0.041817
-0.032652
0.014788
0.023616
-0.040263
0.001126
-0.025380
0.007619
-0.000281
0.035813
-0.011367
-0.041395
-0.044193
0.019120
-0.042436
-0.044797
0.040727
-0.000879
-0.031510
0.028543
0.049820
-0.037386
0.000003
-0.006467
-0.023573
0.021587
0.041655
-0.036505
-0.013772
-0.002115
-0.041022
0.006248
0.047128
-0.003260
0.034663
0.016301
0.002894
-0.015227
-0.014991
-0.043806
0.032440
0.031619
0.038390
0.009872
-0.048808
-0.007925
0.028589
-0.046402
0.028771
-0.026252
0.022247
0.035678
0.038312
-0.015125
0.033368
-0.049397
-0.042386
-0.041856
0.030998
0.000869
-0.021429
-0.041350
0.015761
0.044089
-0.044994
-0.035173
0.016078
0.025518
-0.043326
0.001245
-0.027402
0.008355
-0.000311
0.038557
-0.012404
-0.044542
-0.047547
0.020715
-0.045659
-0.048196
0.043824
-0.000971
-0.033952
0.030781
0.005820
-0.004267
0.000000
-0.000549
-0.002521
0.002274
0.004804
-0.004156
-0.001331
-0.000166
-0.004724
0.000528
0.005486
-0.000260
0.003923
0.001628
0.000230
-0.001501
-0.001473
-0.005073
0.003642
0.003538
0.004394
0.000895
-0.005694
-0.000693
0.003154
-0.005396
0.003177
-0.002858
0.002356
0.004051
0.004384
-0.001489
0.003759
-0.005767
-0.004895
-0.004829
0.003459
0.000068
-0.002254
-0.004766
0.001564
0.005108
-0.005221
-0.003988
0.001602
0.002766
-0.005013
0.000097
-0.003003
0.000736
-0.000024
0.004415
-0.001174
-0.005165
-0.005538
0.002166
-0.005304
-0.005619
0.005075
-0.000076
-0.003833
0.003431
-0.033510
0.024984
-0.000001
0.003889
0.015391
-0.014015
-0.027926
0.024374
0.008664
0.001241
0.027491
-0.003752
-0.031676
0.001922
-0.023098
-0.010379
-0.001703
0.009648
0.009488
0.029403
-0.021555
-0.020985
-0.025677
-0.006073
0.032821
0.004814
-0.018878
0.031180
-0.019005
0.017253
-0.014472
-0.023801
-0.025623
0.009579
-0.022200
0.033222
0.028429
0.028065
-0.020554
-0.000508
0.013906
0.027716
-0.010011
-0.029597
0.030217
0.023452
-0.010227
-0.016742
0.029075
-0.000728
0.018053
-0.005089
0.000182
-0.025792
0.007746
0.029907
0.031961
-0.013412
0.030672
0.032404
-0.029416
0.000568
0.022605
-0.020402
-0.038611
0.028864
-0.000002
0.004656
0.017923
-0.016351
-0.032224
0.028168
0.010215
0.001498
0.031727
-0.004494
-0.036511
0.002317
-0.026712
-0.012188
-0.002054
0.011348
0.011164
0.033912
-0.024953
-0.024303
-0.029655
-0.007214
0.037823
0.005743
-0.021901
0.035944
-0.022045
0.020048
-0.016874
-0.027515
-0.029594
0.011269
-0.025688
0.038281
0.032798
0.032382
-0.023811
-0.000614
0.016227
0.031984
-0.011766
-0.034134
0.034843
0.027116
-0.012014
-0.019465
0.033536
-0.000880
0.020960
-0.006066
0.000220
-0.029787
0.009156
0.034488
0.036838
-0.015662
0.035363
0.037344
-0.033926
0.000687
0.026150
-0.023639
-0.015068
0.011099
-0.000000
0.001502
0.006630
-0.005993
-0.012471
0.010814
0.003559
0.000462
0.012268
-0.001447
-0.014216
0.000721
-0.010219
-0.004330
-0.000638
0.004000
0.003928
0.013159
-0.009499
-0.009233
-0.011422
-0.002421
0.014748
0.001886
-0.008250
0.013985
-0.008309
0.007494
-0.006205
-0.010547
-0.011397
0.003969
-0.009800
0.014934
0.012705
0.012535
-0.009032
-0.000188
0.005943
0.012373
-0.004164
-0.013249
0.013537
0.010384
-0.004261
-0.007257
0.013006
-0.000270
0.007866
-0.002002
0.000067
-0.011476
0.003152
0.013393
0.014348
-0.005716
0.013749
0.014554
-0.013164
0.000211
0.009989
-0.008961
-0.023204
0.017186
-0.000001
0.002474
0.010405
-0.009436
-0.019266
0.016755
0.005703
0.000774
0.018958
-0.002385
-0.021911
0.001204
-0.015852
-0.006891
-0.001065
0.006383
0.006272
0.020308
-0.014761
-0.014357
-0.017676
-0.003931
0.022719
0.003086
-0.012867
0.021562
-0.012957
0.011718
-0.009758
-0.016350
-0.017638
0.006335
-0.015217
0.023001
0.019620
0.019364
-0.014052
-0.000316
0.009359
0.019117
-0.006635
-0.020445
0.020883
0.016103
-0.006785
-0.011358
0.020076
-0.000453
0.012283
-0.003270
0.000113
-0.017757
0.005071
0.020664
0.022113
-0.009012
0.021204
0.022424
-0.020317
0.000353
0.015503
-0.013945
-0.040021
0.029937
-0.000002
0.004874
0.018629
-0.017003
-0.033412
0.029218
0.010652
0.001572
0.032898
-0.004706
-0.037848
0.002430
-0.027713
-0.012696
-0.002155
0.011826
0.011635
0.035158
-0.025895
-0.025223
-0.030755
-0.007538
0.039205
0.006008
-0.022740
0.037261
-0.022889
0.020824
-0.017544
-0.028542
-0.030692
0.011744
-0.026654
0.039680
0.034006
0.033576
-0.024715
-0.000645
0.016875
0.033164
-0.012259
-0.035388
0.036121
0.028130
-0.012515
-0.020223
0.034770
-0.000924
0.021767
-0.006344
0.000231
-0.030891
0.009554
0.035754
0.038186
-0.016291
0.036659
0.038710
-0.035173
0.000721
0.027132
-0.024536
0.002191
-0.001605
0.000000
-0.000204
-0.000946
0.000853
0.001807
-0.001563
-0.000498
-0.000062
-0.001777
0.000197
0.002065
-0.000097
0.001475
0.000610
0.000086
-0.000562
-0.000551
-0.001909
0.001369
0.001329
0.001652
0.000334
-0.002143
-0.000258
0.001185
-0.002031
0.001193
-0.001074
0.000884
0.001523
0.001649
-0.000557
0.001413
-0.002171
-0.001842
-0.001817
0.001300
0.000025
-0.000846
-0.001793
0.000586
0.001922
-0.001964
-0.001499
0.000600
0.001039
-0.001886
0.000036
-0.001128
0.000275
-0.000009
0.001661
-0.000439
-0.001943
-0.002085
0.000812
-0.001996
-0.002115
0.001910
-0.000028
-0.001441
0.001289
0.021851
-0.016169
0.000001
-0.002304
-0.009766
0.008852
0.018133
-0.015762
-0.005334
-0.000719
-0.017843
0.002219
0.020631
-0.001118
0.014909
0.006453
0.000989
-0.005974
-0.005870
-0.019117
0.013879
0.013498
0.016632
0.003669
-0.021393
-0.002876
0.012091
-0.020301
0.012175
-0.011006
0.009156
0.015379
0.016596
-0.005929
0.014309
-0.021660
-0.018468
-0.018225
0.013210
0.000293
-0.008780
-0.017993
0.006212
0.019247
-0.019660
-0.015146
0.006353
0.010666
-0.018899
0.000421
-0.011540
0.003048
-0.000105
0.016709
-0.004740
-0.019453
-0.020821
0.008452
-0.019963
-0.021115
0.019126
-0.000328
-0.014580
0.013109
-0.023642
0.017515
-0.000001
0.002530
0.010612
-0.009625
-0.019633
0.017077
0.005823
0.000792
0.019320
-0.002439
-0.022326
0.001232
-0.016158
-0.007033
-0.001090
0.006516
0.006403
0.020694
-0.015047
-0.014636
-0.018015
-0.004017
0.023148
0.003155
-0.013119
0.021970
-0.013210
0.011949
-0.009953
-0.016664
-0.017976
0.006467
-0.015511
0.023435
0.019994
0.019732
-0.014326
-0.000324
0.009548
0.019482
-0.006774
-0.020834
0.021279
0.016413
-0.006926
-0.011583
0.020458
-0.000464
0.012525
-0.003342
0.000116
-0.018097
0.005180
0.021056
0.022531
-0.009194
0.021606
0.022848
-0.020703
0.000362
0.015803
-0.014217
0.017535
-0.012937
0.000001
-0.001783
-0.007758
0.007020
0.014526
-0.012607
-0.004190
-0.000551
-0.014292
0.001717
0.016548
-0.000860
0.011918
0.005088
0.000760
-0.004704
-0.004620
-0.015323
0.011084
0.010775
0.013312
0.002861
-0.017165
-0.002234
0.009637
-0.016281
0.009706
-0.008760
0.007265
0.012298
0.013283
-0.004667
0.011432
-0.017380
-0.014797
-0.014601
0.010542
0.000225
-0.006962
-0.014413
0.004894
0.015428
-0.015762
-0.012109
0.005008
0.008485
-0.015146
0.000323
-0.009191
0.002370
-0.000080
0.013374
-0.003715
-0.015595
-0.016702
0.006697
-0.016007
-0.016940
0.015330
-0.000251
-0.011651
0.010460
0.034981
-0.026101
0.000002
-0.004106
-0.016117
0.014684
0.029165
-0.025467
-0.009106
-0.001313
-0.028712
0.003962
0.033070
-0.002033
0.024138
0.010895
0.001802
-0.010133
-0.009966
-0.030703
0.022533
0.021940
0.026823
0.006397
-0.034263
-0.005077
0.019747
-0.032553
0.019879
-0.018055
0.015161
0.024870
0.026767
-0.010061
0.023204
-0.034680
-0.029688
-0.029309
0.021491
0.000538
-0.014571
-0.028946
0.010512
0.030905
-0.031550
-0.024507
0.010737
0.017524
-0.030360
0.000771
-0.018888
0.005366
-0.000192
0.026943
-0.008148
-0.031228
-0.033367
0.014056
-0.032024
-0.033828
0.030716
-0.000602
-0.023626
0.021333
-0.049728
0.037317
-0.000003
0.006451
0.023526
-0.021544
-0.041577
0.036437
0.013742
0.002110
0.040946
-0.006233
-0.047041
0.003252
-0.034598
-0.016267
-0.002887
0.015195
0.014959
0.043725
-0.032379
-0.031559
-0.038319
-0.009849
0.048719
0.007907
-0.028534
0.046316
-0.028716
0.026201
-0.022203
-0.035611
-0.038241
0.015093
-0.033305
0.049306
0.042307
0.041779
-0.030940
-0.000867
0.021386
0.041273
-0.015728
-0.044008
0.044911
0.035108
-0.016045
-0.025468
0.043247
-0.001241
0.027349
-0.008336
0.000310
-0.038485
0.012377
0.044459
0.047459
-0.020673
0.045575
0.048107
-0.043743
0.000969
0.033888
-0.030722
0.003545
-0.002598
0.000000
-0.000332
-0.001533
0.001382
0.002925
-0.002530
-0.000807
-0.000100
-0.002877
0.000319
0.003342
-0.000157
0.002388
0.000988
0.000139
-0.000911
-0.000894
-0.003089
0.002216
0.002152
0.002675
0.000542
-0.003469
-0.000419
0.001918
-0.003287
0.001932
-0.001738
0.001432
0.002466
0.002669
-0.000903
0.002288
-0.003513
-0.002981
-0.002940
0.002105
0.000041
-0.001370
-0.002902
0.000949
0.003111
-0.003180
-0.002427
0.000972
0.001682
-0.003053
0.000059
-0.001827
0.000446
-0.000015
0.002687
-0.000712
-0.003145
-0.003373
0.001316
-0.003230
-0.003422
0.003091
-0.000046
-0.002333
0.002088
-0.021946
0.016240
-0.000001
0.002315
0.009811
-0.008892
-0.018212
0.015831
0.005359
0.000722
0.017921
-0.002231
-0.020721
0.001124
-0.014976
-0.006483
-0.000995
0.006003
0.005898
0.019201
-0.013941
-0.013558
-0.016705
-0.003687
0.021486
0.002890
-0.012145
0.020389
-0.012230
0.011056
-0.009198
-0.015447
-0.016669
0.005957
-0.014373
0.021754
0.018549
0.018305
-0.013269
-0.000295
0.008820
0.018072
-0.006241
-0.019331
0.019746
0.015213
-0.006383
-0.010714
0.018981
-0.000423
0.011592
-0.003064
0.000106
-0.016782
0.004763
0.019538
0.020912
-0.008491
0.020050
0.021207
-0.019210
0.000330
0.014645
-0.013167
-0.018027
0.013304
-0.000001
0.001840
0.007985
-0.007226
-0.014937
0.012966
0.004317
0.000570
0.014695
-0.001773
-0.017013
0.000888
-0.012257
-0.005240
-0.000785
0.004846
0.004759
0.015755
-0.011401
-0.011084
-0.013689
-0.002951
0.017646
0.002305
-0.009915
0.016739
-0.009985
0.009014
-0.007478
-0.012648
-0.013659
0.004808
-0.011759
0.017868
0.015215
0.015013
-0.010844
-0.000232
0.007166
0.014821
-0.005042
-0.015863
0.016206
0.012454
-0.005158
-0.008731
0.015573
-0.000333
0.009457
-0.002445
0.000083
-0.013753
0.003829
0.016034
0.017171
-0.006895
0.016458
0.017416
-0.015762
0.000260
0.011983
-0.010761
-0.048896
0.036685
-0.000002
0.006312
0.023104
-0.021152
-0.040879
0.035820
0.013473
0.002062
0.040258
-0.006098
-0.046254
0.003179
-0.034009
-0.015957
-0.002822
0.014901
0.014669
0.042992
-0.031824
-0.031017
-0.037672
-0.009646
0.047904
0.007739
-0.028037
0.045541
-0.028216
0.025739
-0.021802
-0.035006
-0.037595
0.014801
-0.032736
0.048481
0.041597
0.041077
-0.030406
-0.000847
0.020997
0.040580
-0.015426
-0.043270
0.044159
0.034511
-0.015738
-0.025017
0.042521
-0.001213
0.026870
-0.008160
0.000303
-0.037836
0.012130
0.043715
0.046665
-0.020295
0.044812
0.047302
-0.043010
0.000947
0.033310
-0.030192
-0.023027
0.017053
-0.000001
0.002452
0.010321
-0.009359
-0.019118
0.016625
0.005654
0.000767
0.018812
-0.002363
-0.021744
0.001193
-0.015729
-0.006833
-0.001056
0.006330
0.006219
0.020153
-0.014646
-0.014245
-0.017540
-0.003897
0.022545
0.003058
-0.012766
0.021397
-0.012855
0.011625
-0.009679
-0.016223
-0.017502
0.006282
-0.015098
0.022826
0.019470
0.019215
-0.013942
-0.000313
0.009283
0.018970
-0.006580
-0.020289
0.020723
0.015978
-0.006729
-0.011267
0.019922
-0.000449
0.012186
-0.003241
0.000112
-0.017621
0.005028
0.020506
0.021944
-0.008939
0.021041
0.022253
-0.020162
0.000350
0.015382
-0.013836
-0.010394
0.007636
-0.000000
0.001003
0.004532
-0.004091
-0.008589
0.007438
0.002409
0.000306
0.008448
-0.000965
-0.009802
0.000478
-0.007024
-0.002940
-0.000422
0.002712
0.002663
0.009067
-0.006524
-0.006339
-0.007860
-0.001628
0.010172
0.001263
-0.005656
0.009641
-0.005698
0.005132
-0.004237
-0.007252
-0.007843
0.002691
-0.006733
0.010301
0.008752
0.008634
-0.006199
-0.000124
0.004056
0.008521
-0.002825
-0.009130
0.009330
0.007139
-0.002893
-0.004967
0.008961
-0.000179
0.005389
-0.001342
0.000044
-0.007898
0.002128
0.009230
0.009894
-0.003898
0.009477
0.010037
-0.009071
0.000139
0.006864
-0.006150
0.000191
-0.000140
-0.000000
-0.000018
-0.000083
0.000075
0.000158
-0.000136
-0.000044
-0.000006
-0.000155
0.000017
0.000180
-0.000009
0.000129
0.000054
0.000008
-0.000050
-0.000048
-0.000166
0.000120
0.000116
0.000144
0.000030
-0.000187
-0.000023
0.000104
-0.000177
0.000104
-0.000094
0.000077
0.000133
0.000144
-0.000049
0.000123
-0.000189
-0.000161
-0.000158
0.000114
0.000002
-0.000074
-0.000156
0.000051
0.000168
-0.000171
-0.000131
0.000053
0.000091
-0.000164
0.000003
-0.000099
0.000024
-0.000001
0.000145
-0.000039
-0.000169
-0.000181
0.000071
-0.000174
-0.000184
0.000166
-0.000003
-0.000126
0.000113
0.025931
-0.019241
0.000001
-0.002829
-0.011704
0.010625
0.021552
-0.018762
-0.006461
-0.000890
-0.021211
0.002728
0.024494
-0.001383
0.017759
0.007789
0.001224
-0.007222
-0.007098
-0.022711
0.016547
0.016098
0.019786
0.004474
-0.025391
-0.003522
0.014442
-0.024105
0.014542
-0.013165
0.010984
0.018312
0.019744
-0.007168
0.017053
-0.025705
-0.021947
-0.021661
0.015759
0.000364
-0.010540
-0.021387
0.007504
0.022864
-0.023350
-0.018037
0.007671
0.012764
-0.022453
0.000521
-0.013793
0.003729
-0.000130
0.019876
-0.005754
-0.023107
-0.024717
0.010154
-0.023707
-0.025064
0.022721
-0.000407
-0.017371
0.015640
-0.000983
0.000721
0.000000
0.000092
0.000425
-0.000383
-0.000811
0.000702
0.000224
0.000028
0.000798
-0.000088
-0.000927
0.000043
-0.000662
-0.000274
-0.000038
0.000252
0.000248
0.000857
-0.000615
-0.000597
-0.000742
-0.000150
0.000962
0.000116
-0.000532
0.000912
-0.000536
0.000482
-0.000397
-0.000684
-0.000740
0.000251
-0.000634
0.000974
0.000827
0.000816
-0.000584
-0.000011
0.000380
0.000805
-0.000263
-0.000863
0.000882
0.000673
-0.000270
-0.000467
0.000847
-0.000016
0.000507
-0.000123
0.000004
-0.000745
0.000197
0.000872
0.000936
-0.000365
0.000896
0.000949
-0.000857
0.000013
0.000647
-0.000579
0.017013
-0.012547
0.000001
-0.001723
-0.007518
0.006801
0.014091
-0.012227
-0.004055
-0.000532
-0.013863
0.001659
0.016054
-0.000830
0.011557
0.004926
0.000734
-0.004553
-0.004472
-0.014865
0.010747
0.010448
0.012911
0.002767
-0.016653
-0.002159
0.009343
-0.015795
0.009409
-0.008491
0.007039
0.011927
0.012883
-0.004518
0.011086
-0.016862
-0.014354
-0.014163
0.010222
0.000217
-0.006745
-0.013981
0.004738
0.014967
-0.015291
-0.011743
0.004849
0.008224
-0.014692
0.000311
-0.008910
0.002291
-0.000078
0.012972
-0.003595
-0.015129
-0.016203
0.006489
-0.015529
-0.016435
0.014872
-0.000243
-0.011298
0.010142
-0.021425
0.015849
-0.000001
0.002250
0.009566
-0.008669
-0.017776
0.015449
0.005218
0.000701
0.017491
-0.002168
-0.020227
0.001092
-0.014613
-0.006315
-0.000966
0.005846
0.005744
0.018742
-0.013602
-0.013228
-0.016303
-0.003587
0.020976
0.002811
-0.011847
0.019903
-0.011930
0.010782
-0.008967
-0.015074
-0.016268
0.005802
-0.014024
0.021237
0.018105
0.017866
-0.012945
-0.000286
0.008598
0.017639
-0.006079
-0.018869
0.019274
0.014845
-0.006218
-0.010449
0.018527
-0.000411
0.011306
-0.002979
0.000102
-0.016379
0.004636
0.019072
0.020414
-0.008277
0.019572
0.020703
-0.018750
0.000320
0.014289
-0.012846
0.038251
-0.028590
0.000002
-0.004600
-0.017744
0.016185
0.031920
-0.027900
-0.010104
-0.001479
-0.031428
0.004440
0.036170
-0.002288
0.026457
0.012059
0.002029
-0.011227
-0.011044
-0.033594
0.024713
0.024069
0.029374
0.007132
-0.037470
-0.005676
0.021687
-0.035608
0.021830
-0.019849
0.016704
0.027252
0.029314
-0.011148
0.025441
-0.037924
-0.032489
-0.032078
0.023581
0.000607
-0.016062
-0.031683
0.011640
0.033814
-0.034516
-0.026857
0.011886
0.019272
-0.033222
0.000869
-0.020754
0.005996
-0.000217
0.029504
-0.009055
-0.034165
-0.036494
0.015502
-0.035032
-0.036996
0.033608
-0.000678
-0.025899
0.023409
0.022573
-0.016711
0.000001
-0.002394
-0.010106
0.009163
0.018737
-0.016291
-0.005530
-0.000748
-0.018438
0.002307
0.021314
-0.001164
0.015412
0.006686
0.001030
-0.006192
-0.006083
-0.019753
0.014349
0.013956
0.017189
0.003808
-0.022101
-0.002988
0.012505
-0.020974
0.012592
-0.011386
0.009476
0.015897
0.017152
-0.006145
0.014793
-0.022375
-0.019083
-0.018832
0.013659
0.000305
-0.009088
-0.018593
0.006437
0.019886
-0.020312
-0.015656
0.006583
0.011035
-0.019527
0.000438
-0.011936
0.003166
-0.000109
0.017268
-0.004916
-0.020099
-0.021510
0.008750
-0.020625
-0.021814
0.019761
-0.000342
-0.015072
0.013554
-0.011575
0.008509
-0.000000
0.001125
0.005058
-0.004567
-0.009569
0.008289
0.002694
0.000344
0.009412
-0.001083
-0.010917
0.000538
-0.007829
-0.003286
-0.000475
0.003033
0.002977
0.010100
-0.007273
-0.007067
-0.008759
-0.001824
0.011328
0.001416
-0.006308
0.010739
-0.006354
0.005724
-0.004730
-0.008082
-0.008739
0.003009
-0.007505
0.011472
0.009750
0.009619
-0.006912
-0.000140
0.004528
0.009493
-0.003159
-0.010170
0.010393
0.007956
-0.003234
-0.005541
0.009982
-0.000201
0.006012
-0.001504
0.000050
-0.008800
0.002382
0.010282
0.011020
-0.004353
0.010557
0.011178
-0.010105
0.000157
0.007651
-0.006857
0.027459
-0.020396
0.000001
-0.003035
-0.012439
0.011299
0.022836
-0.019890
-0.006894
-0.000958
-0.022475
0.002926
0.025942
-0.001487
0.018832
0.008300
0.001316
-0.007700
-0.007569
-0.024060
0.017552
0.017078
0.020971
0.004786
-0.026890
-0.003773
0.015330
-0.025531
0.015435
-0.013982
0.011678
0.019415
0.020927
-0.007643
0.018086
-0.027221
-0.023252
-0.022951
0.016720
0.000391
-0.011209
-0.022662
0.007998
0.024221
-0.024734
-0.019125
0.008176
0.013558
-0.023787
0.000561
-0.014645
0.003994
-0.000140
0.021067
-0.006145
-0.024478
-0.026178
0.010801
-0.025111
-0.026544
0.024070
-0.000438
-0.018422
0.016594
-0.007090
0.005201
-0.000000
0.000672
0.003076
-0.002774
-0.005854
0.005065
0.001626
0.000204
0.005757
-0.000646
-0.006684
0.000319
-0.004782
-0.001988
-0.000282
0.001833
0.001799
0.006181
-0.004439
-0.004313
-0.005354
-0.001095
0.006938
0.000847
-0.003846
0.006575
-0.003874
0.003486
-0.002874
-0.004938
-0.005343
0.001818
-0.004582
0.007026
0.005965
0.005884
-0.004217
-0.000083
0.002750
0.005807
-0.001910
-0.006224
0.006362
0.004860
-0.001956
-0.003373
0.006108
-0.000119
0.003663
-0.000901
0.000030
-0.005380
0.001435
0.006293
0.006748
-0.002643
0.006462
0.006845
-0.006184
0.000093
0.004672
-0.004183
0.005591
-0.004099
0.000000
-0.000527
-0.002422
0.002184
0.004615
-0.003993
-0.001278
-0.000160
-0.004539
0.000507
0.005271
-0.000250
0.003769
0.001563
0.000221
-0.001441
-0.001414
-0.004874
0.003498
0.003398
0.004221
0.000859
-0.005471
-0.000665
0.003029
-0.005184
0.003051
-0.002746
0.002263
0.003892
0.004212
-0.001429
0.003611
-0.005541
-0.004703
-0.004639
0.003323
0.000065
-0.002165
-0.004579
0.001502
0.004908
-0.005016
-0.003831
0.001538
0.002657
-0.004816
0.000093
-0.002885
0.000707
-0.000023
0.004241
-0.001127
-0.004962
-0.005321
0.002080
-0.005096
-0.005398
0.004876
-0.000073
-0.003682
0.003296
0.043949
-0.032927
0.000002
-0.005498
-0.020604
0.018832
0.036720
-0.032142
-0.011887
-0.001784
-0.036159
0.005310
0.041570
-0.002754
0.030501
0.014127
0.002443
-0.013175
-0.012965
-0.038628
0.028520
0.027788
0.033820
0.008457
-0.043056
-0.006761
0.025083
-0.040927
0.025246
-0.022996
0.019421
0.031405
0.033750
-0.013084
0.029347
-0.043576
-0.037369
-0.036899
0.027234
0.000732
-0.018691
-0.036449
0.013648
0.038879
-0.039681
-0.030957
0.013930
0.022341
-0.038203
0.001049
-0.024023
0.007134
-0.000262
0.033968
-0.010680
-0.039281
-0.041940
0.018055
-0.040270
-0.042514
0.038645
-0.000819
-0.029868
0.027039
-0.021533
0.015930
-0.000001
0.002264
0.009616
-0.008715
-0.017866
0.015528
0.005247
0.000706
0.017580
-0.002181
-0.020330
0.001099
-0.014688
-0.006350
-0.000972
0.005879
0.005775
0.018837
-0.013672
-0.013296
-0.016386
-0.003607
0.021081
0.002827
-0.011908
0.020004
-0.011992
0.010839
-0.009014
-0.015151
-0.016351
0.005834
-0.014096
0.021344
0.018196
0.017957
-0.013012
-0.000288
0.008644
0.017728
-0.006112
-0.018965
0.019372
0.014921
-0.006252
-0.010503
0.018621
-0.000413
0.011365
-0.002997
0.000103
-0.016462
0.004662
0.019168
0.020517
-0.008321
0.019671
0.020807
-0.018845
0.000322
0.014363
-0.012912
-0.045096
0.033799
-0.000002
0.005684
0.021182
-0.019368
-0.037685
0.032995
0.012251
0.001847
0.037110
-0.005490
-0.042656
0.002851
-0.031314
-0.014549
-0.002530
0.013572
0.013358
0.039640
-0.029286
-0.028536
-0.034713
-0.008729
0.044179
0.006984
-0.025767
0.041997
-0.025934
0.023631
-0.019971
-0.032241
-0.034642
0.013479
-0.030133
0.044712
0.038349
0.037868
-0.027969
-0.000758
0.019224
0.037407
-0.014058
-0.039898
0.040719
0.031781
-0.014346
-0.022960
0.039205
-0.001086
0.024682
-0.007368
0.000272
-0.034865
0.011013
0.040308
0.043035
-0.018572
0.041323
0.043624
-0.039657
0.000848
0.030666
-0.027770
-0.030663
0.022823
-0.000002
0.003479
0.013995
-0.012729
-0.025530
0.022262
0.007821
0.001105
0.025130
-0.003356
-0.028978
0.001713
-0.021087
-0.009391
-0.001517
0.008722
0.008575
0.026889
-0.019668
-0.019143
-0.023461
-0.005458
0.030031
0.004315
-0.017203
0.028522
-0.017320
0.015707
-0.013149
-0.021735
-0.023411
0.008658
-0.020260
0.030399
0.025992
0.025657
-0.018745
-0.000452
0.012629
0.025337
-0.009055
-0.027067
0.027637
0.021413
-0.009252
-0.015238
0.026586
-0.000648
0.016443
-0.004565
0.000162
-0.023567
0.006983
0.027352
0.029240
-0.012175
0.028055
0.029647
-0.026900
0.000505
0.020633
-0.018606
0.006449
-0.004729
0.000000
-0.000610
-0.002796
0.002521
0.005324
-0.004606
-0.001477
-0.000185
-0.005236
0.000586
0.006080
-0.000289
0.004348
0.001806
0.000255
-0.001665
-0.001634
-0.005622
0.004037
0.003922
0.004870
0.000994
-0.006310
-0.000769
0.003496
-0.005980
0.003522
-0.003169
0.002613
0.004491
0.004859
-0.001652
0.004167
-0.006391
-0.005425
-0.005352
0.003834
0.000075
-0.002500
-0.005281
0.001735
0.005661
-0.005786
-0.004420
0.001777
0.003066
-0.005556
0.000108
-0.003330
0.000817
-0.000027
0.004893
-0.001303
-0.005724
-0.006138
0.002402
-0.005878
-0.006226
0.005624
-0.000084
-0.004249
0.003804
-0.019187
0.014171
-0.000001
0.001978
0.008521
-0.007716
-0.015905
0.013812
0.004622
0.000613
0.015649
-0.001905
-0.018110
0.000956
-0.013060
-0.005604
-0.000845
0.005184
0.005092
0.016775
-0.012150
-0.011814
-0.014580
-0.003165
0.018783
0.002475
-0.010572
0.017819
-0.010646
0.009615
-0.007983
-0.013474
-0.014548
0.005144
-0.012530
0.019018
0.016201
0.015987
-0.011559
-0.000250
0.007652
0.015782
-0.005392
-0.016889
0.017253
0.013268
-0.005517
-0.009315
0.016581
-0.000359
0.010086
-0.002624
0.000089
-0.014648
0.004101
0.017071
0.018278
-0.007363
0.017521
0.018538
-0.016782
0.000280
0.012769
-0.011470
0.048449
-0.036347
0.000002
-0.006237
-0.022878
0.020942
0.040504
-0.035488
-0.013328
-0.002036
-0.039888
0.006026
0.045831
-0.003140
0.033692
0.015790
0.002787
-0.014744
-0.014514
-0.042598
0.031526
0.030726
0.037325
0.009537
-0.047465
-0.007650
0.027771
-0.045124
0.027948
-0.025491
0.021586
0.034681
0.037249
-0.014645
0.032430
-0.048038
-0.041216
-0.040700
0.030120
0.000836
-0.020788
-0.040207
0.015265
0.042874
-0.043755
-0.034190
0.015573
0.024775
-0.042132
0.001198
-0.026613
0.008066
-0.000300
0.037487
-0.011998
-0.043314
-0.046238
0.020092
-0.044402
-0.046869
0.042616
-0.000935
-0.032999
0.029908
0.026092
-0.019363
0.000001
-0.002851
-0.011782
0.010697
0.021688
-0.018881
-0.006507
-0.000897
-0.021344
0.002749
0.024647
-0.001394
0.017872
0.007843
0.001234
-0.007272
-0.007148
-0.022854
0.016652
0.016202
0.019911
0.004507
-0.025550
-0.003548
0.014535
-0.024255
0.014636
-0.013251
0.011057
0.018429
0.019868
-0.007218
0.017162
-0.025865
-0.022085
-0.021798
0.015860
0.000367
-0.010611
-0.021522
0.007556
0.023007
-0.023496
-0.018152
0.007724
0.012848
-0.022595
0.000526
-0.013883
0.003757
-0.000131
0.020002
-0.005795
-0.023252
-0.024872
0.010222
-0.023855
-0.025220
0.022864
-0.000410
-0.017482
0.015741
-0.020159
0.014899
-0.000001
0.002095
0.008974
-0.008128
-0.016717
0.014522
0.004879
0.000651
0.016449
-0.002018
-0.019029
0.001014
-0.013733
-0.005911
-0.000897
0.005470
0.005374
0.017629
-0.012780
-0.012427
-0.015328
-0.003346
0.019735
0.002619
-0.011124
0.018724
-0.011202
0.010121
-0.008409
-0.014168
-0.015295
0.005428
-0.013178
0.019982
0.017027
0.016803
-0.012160
-0.000266
0.008061
0.016588
-0.005689
-0.017748
0.018130
0.013952
-0.005820
-0.009806
0.017426
-0.000381
0.010614
-0.002777
0.000095
-0.015399
0.004332
0.017939
0.019205
-0.007759
0.018411
0.019477
-0.017636
0.000297
0.013428
-0.012066
0.005393
-0.003954
-0.000000
-0.000507
-0.002335
0.002106
0.004451
-0.003851
-0.001232
-0.000154
-0.004378
0.000488
0.005084
-0.000241
0.003635
0.001507
0.000212
-0.001389
-0.001363
-0.004701
0.003374
0.003277
0.004071
0.000828
-0.005277
-0.000641
0.002921
-0.005001
0.002943
-0.002647
0.002182
0.003754
0.004062
-0.001378
0.003483
-0.005345
-0.004536
-0.004475
0.003204
0.000063
-0.002087
-0.004416
0.001448
0.004733
-0.004838
-0.003695
0.001482
0.002562
-0.004645
0.000090
-0.002782
0.000681
-0.000022
0.004090
-0.001087
-0.004786
-0.005133
0.002005
-0.004915
-0.005207
0.004703
-0.000070
-0.003551
0.003179
0.031355
-0.023347
0.000001
-0.003578
-0.014333
0.013040
0.026112
-0.022775
-0.008025
-0.001137
-0.025703
0.003451
0.029633
-0.001763
0.021575
0.009630
0.001562
-0.008945
-0.008795
-0.027500
0.020126
0.019590
0.023999
0.005606
-0.030709
-0.004435
0.017609
-0.029168
0.017728
-0.016082
0.013470
0.022236
0.023948
-0.008880
0.020731
-0.031085
-0.026584
-0.026242
0.019184
0.000465
-0.012938
-0.025915
0.009285
0.027682
-0.028264
-0.021908
0.009487
0.015602
-0.027191
0.000667
-0.016833
0.004691
-0.000166
0.024107
-0.007167
-0.027973
-0.029902
0.012474
-0.028691
-0.030316
0.027511
-0.000520
-0.021112
0.019042
0.012225
-0.008989
0.000001
-0.001194
-0.005348
0.004830
0.010108
-0.008757
-0.002852
-0.000365
-0.009943
0.001149
0.011531
-0.000571
0.008272
0.003478
0.000504
-0.003210
-0.003151
-0.010669
0.007685
0.007468
0.009253
0.001932
-0.011965
-0.001501
0.006668
-0.011343
0.006716
-0.006051
0.005001
0.008539
0.009233
-0.003184
0.007930
-0.012116
-0.010299
-0.010161
0.007304
0.000149
-0.004789
-0.010028
0.003343
0.010743
-0.010978
-0.008406
0.003422
0.005858
-0.010544
0.000213
-0.006354
0.001594
-0.000053
0.009297
-0.002522
-0.010860
-0.011639
0.004604
-0.011150
-0.011807
0.010674
-0.000166
-0.008084
0.007247
0.016696
-0.012311
0.000001
-0.001687
-0.007373
0.006670
0.013827
-0.011997
-0.003974
-0.000521
-0.013603
0.001624
0.015755
-0.000812
0.011339
0.004828
0.000718
-0.004463
-0.004383
-0.014587
0.010544
0.010250
0.012669
0.002710
-0.016343
-0.002114
0.009165
-0.015500
0.009230
-0.008328
0.006903
0.011702
0.012641
-0.004428
0.010876
-0.016549
-0.014086
-0.013898
0.010028
0.000212
-0.006614
-0.013719
0.004644
0.014687
-0.015005
-0.011522
0.004752
0.008066
-0.014418
0.000304
-0.008739
0.002243
-0.000076
0.012728
-0.003522
-0.014846
-0.015902
0.006362
-0.015239
-0.016129
0.014593
-0.000237
-0.011085
0.009949
-0.025808
0.019148
-0.000001
0.002813
0.011645
-0.010571
-0.021450
0.018672
0.006426
0.000885
0.021110
-0.002712
-0.024378
0.001374
-0.017673
-0.007748
-0.001217
0.007184
0.007060
0.022604
-0.016466
-0.016020
-0.019691
-0.004449
0.025272
0.003502
-0.014370
0.023991
-0.014470
0.013099
-0.010928
-0.018224
-0.019649
0.007130
-0.016970
0.025584
0.021842
0.021558
-0.015682
-0.000362
0.010486
0.021286
-0.007464
-0.022755
0.023239
0.017950
-0.007631
-0.012700
0.022347
-0.000518
0.013725
-0.003708
0.000129
-0.019781
0.005723
0.022997
0.024601
-0.010102
0.023594
0.024946
-0.022613
0.000404
0.017287
-0.015563
0.026501
-0.019672
0.000001
-0.002906
-0.011977
0.010876
0.022031
-0.019182
-0.006622
-0.000915
-0.021682
0.002801
0.025034
-0.001421
0.018159
0.007979
0.001258
-0.007399
-0.007273
-0.023214
0.016921
0.016463
0.020227
0.004590
-0.025950
-0.003615
0.014773
-0.024637
0.014874
-0.013469
0.011242
0.018723
0.020184
-0.007345
0.017438
-0.026270
-0.022433
-0.022142
0.016117
0.000374
-0.010789
-0.021863
0.007687
0.023370
-0.023866
-0.018442
0.007858
0.013060
-0.022951
0.000536
-0.014110
0.003827
-0.000134
0.020320
-0.005899
-0.023618
-0.025262
0.010394
-0.024230
-0.025616
0.023224
-0.000418
-0.017763
0.015995
-0.007130
0.005230
-0.000000
0.000676
0.003094
-0.002790
-0.005887
0.005094
0.001635
0.000205
0.005790
-0.000650
-0.006722
0.000321
-0.004809
-0.002000
-0.000283
0.001843
0.001809
0.006216
-0.004464
-0.004337
-0.005385
-0.001101
0.006977
0.000853
-0.003867
0.006612
-0.003895
0.003506
-0.002891
-0.004966
-0.005373
0.001829
-0.004608
0.007066
0.005999
0.005918
-0.004241
-0.000083
0.002766
0.005840
-0.001921
-0.006260
0.006397
0.004888
-0.001967
-0.003393
0.006143
-0.000120
0.003684
-0.000906
0.000030
-0.005411
0.001444
0.006328
0.006786
-0.002658
0.006499
0.006884
-0.006219
0.000093
0.004699
-0.004207
0.031219
-0.023244
0.000001
-0.003558
-0.014266
0.012978
0.025997
-0.022673
-0.007984
-0.001131
-0.025590
0.003432
0.029504
-0.001753
0.021479
0.009582
0.001553
-0.008901
-0.008752
-0.027379
0.020035
0.019501
0.023893
0.005576
-0.030575
-0.004411
0.017529
-0.029040
0.017648
-0.016008
0.013406
0.022137
0.023842
-0.008836
0.020638
-0.030950
-0.026467
-0.026127
0.019098
0.000463
-0.012876
-0.025801
0.009239
0.027561
-0.028140
-0.021810
0.009441
0.015530
-0.027071
0.000663
-0.016756
0.004666
-0.000165
0.024000
-0.007130
-0.027850
-0.029771
0.012415
-0.028565
-0.030185
0.027391
-0.000517
-0.021017
0.018956
0.045229
-0.033900
0.000002
-0.005706
-0.021249
0.019430
0.037797
-0.033094
-0.012294
-0.001854
-0.037220
0.005511
0.042782
-0.002862
0.031409
0.014598
0.002540
-0.013618
-0.013403
-0.039758
0.029375
0.028623
0.034817
0.008761
-0.044310
-0.007010
0.025847
-0.042121
0.026014
-0.023705
0.020035
0.032337
0.034746
-0.013526
0.030224
-0.044844
-0.038463
-0.037981
0.028055
0.000761
-0.019286
-0.037518
0.014106
0.040016
-0.040840
-0.031876
0.014394
0.023032
-0.039321
0.001090
-0.024759
0.007396
-0.000272
0.034969
-0.011052
-0.040428
-0.043163
0.018632
-0.041445
-0.043752
0.039775
-0.000851
-0.030759
0.027855
-0.035469
0.026472
-0.000002
0.004178
0.016359
-0.014907
-0.029576
0.025830
0.009253
0.001337
0.029117
-0.004032
-0.033533
0.002071
-0.024484
-0.011067
-0.001835
0.010295
0.010125
0.031134
-0.022858
-0.022257
-0.027204
-0.006505
0.034742
0.005165
-0.020036
0.033009
-0.020169
0.018322
-0.015390
-0.025226
-0.027147
0.010221
-0.023537
0.035165
0.030106
0.029722
-0.021802
-0.000548
0.014792
0.029355
-0.010679
-0.031339
0.031993
0.024857
-0.010907
-0.017784
0.030787
-0.000785
0.019165
-0.005458
0.000196
-0.027325
0.008282
0.031666
0.033834
-0.014271
0.032474
0.034301
-0.031148
0.000613
0.023964
-0.021643
0.019812
-0.014640
0.000001
-0.002053
-0.008812
0.007981
0.016427
-0.014269
-0.004787
-0.000638
-0.016163
0.001978
0.018701
-0.000993
0.013493
0.005802
0.000879
-0.005368
-0.005273
-0.017324
0.012555
0.012208
0.015061
0.003282
-0.019395
-0.002567
0.010927
-0.018401
0.011004
-0.009940
0.008257
0.013921
0.015028
-0.005327
0.012947
-0.019637
-0.016732
-0.016512
0.011946
0.000260
-0.007915
-0.016300
0.005583
0.017441
-0.017817
-0.013708
0.005711
0.009631
-0.017124
0.000373
-0.010426
0.002722
-0.000093
0.015131
-0.004249
-0.017629
-0.018874
0.007617
-0.018093
-0.019142
0.017331
-0.000291
-0.013193
0.011853
0.028748
-0.021371
0.000001
-0.003212
-0.013062
0.011872
0.023918
-0.020843
-0.007264
-0.001016
-0.023542
0.003097
0.027162
-0.001576
0.019738
0.008736
0.001396
-0.008108
-0.007970
-0.025197
0.018401
0.017907
0.021972
0.005053
-0.028153
-0.003988
0.016081
-0.026733
0.016191
-0.014673
0.012267
0.020347
0.021925
-0.008049
0.018959
-0.028499
-0.024353
-0.024039
0.017533
0.000415
-0.011778
-0.023737
0.008420
0.025365
-0.025901
-0.020044
0.008606
0.014232
-0.024913
0.000595
-0.015366
0.004221
-0.000149
0.022071
-0.006479
-0.025633
-0.027409
0.011351
-0.026295
-0.027791
0.025208
-0.000465
-0.019310
0.017402
0.019150
-0.014144
0.000001
-0.001973
-0.008504
0.007700
0.015874
-0.013785
-0.004612
-0.000612
-0.015619
0.001901
0.018075
-0.000954
0.013034
0.005592
0.000844
-0.005173
-0.005081
-0.016742
0.012126
0.011791
0.014552
0.003158
-0.018747
-0.002469
0.010551
-0.017784
0.010626
-0.009596
0.007967
0.013448
0.014520
-0.005133
0.012505
-0.018981
-0.016169
-0.015956
0.011537
0.000250
-0.007636
-0.015751
0.005381
0.016856
-0.017219
-0.013242
0.005505
0.009296
-0.016549
0.000358
-0.010066
0.002619
-0.000089
0.014620
-0.004093
-0.017038
-0.018242
0.007348
-0.017487
-0.018502
0.016749
-0.000279
-0.012744
0.011447
-0.009676
0.007106
-0.000000
0.000930
0.004214
-0.003803
-0.007994
0.006922
0.002237
0.000283
0.007863
-0.000895
-0.009125
0.000443
-0.006536
-0.002731
-0.000391
0.002520
0.002473
0.008440
-0.006070
-0.005898
-0.007315
-0.001510
0.009469
0.001171
-0.005262
0.008975
-0.005300
0.004773
-0.003940
-0.006749
-0.007299
0.002500
-0.006265
0.009590
0.008146
0.008036
-0.005767
-0.000115
0.003771
0.007931
-0.002625
-0.008498
0.008685
0.006643
-0.002688
-0.004619
0.008341
-0.000165
0.005013
-0.001244
0.000041
-0.007350
0.001976
0.008592
0.009210
-0.003624
0.008822
0.009343
-0.008444
0.000129
0.006387
-0.005722
-0.015371
0.011325
-0.000000
0.001536
0.006768
-0.006119
-0.012723
0.011035
0.003636
0.000473
0.012517
-0.001479
-0.014503
0.000738
-0.010427
-0.004423
-0.000652
0.004086
0.004013
0.013425
-0.009693
-0.009422
-0.011654
-0.002475
0.015045
0.001928
-0.008420
0.014267
-0.008480
0.007649
-0.006334
-0.010762
-0.011629
0.004054
-0.010000
0.015235
0.012962
0.012789
-0.009217
-0.000193
0.006068
0.012624
-0.004253
-0.013517
0.013811
0.010596
-0.004353
-0.007407
0.013269
-0.000277
0.008029
-0.002046
0.000069
-0.011709
0.003220
0.013664
0.014638
-0.005836
0.014027
0.014847
-0.013431
0.000215
0.010193
-0.009145
-0.020391
0.015073
-0.000001
0.002123
0.009082
-0.008227
-0.016911
0.014692
0.004941
0.000660
0.016640
-0.002045
-0.019249
0.001028
-0.013894
-0.005985
-0.000909
0.005538
0.005441
0.017833
-0.012930
-0.012573
-0.015506
-0.003390
0.019962
0.002654
-0.011256
0.018940
-0.011336
0.010241
-0.008510
-0.014334
-0.015473
0.005496
-0.013333
0.020212
0.017225
0.016998
-0.012303
-0.000269
0.008159
0.016780
-0.005760
-0.017954
0.018340
0.014116
-0.005892
-0.009923
0.017628
-0.000386
0.010741
-0.002814
0.000096
-0.015578
0.004387
0.018147
0.019427
-0.007853
0.018624
0.019702
-0.017840
0.000301
0.013586
-0.012209
-0.002502
0.001833
-0.000000
0.000234
0.001081
-0.000975
-0.002064
0.001785
0.000569
0.000071
0.002030
-0.000225
-0.002358
0.000111
-0.001685
-0.000697
-0.000098
0.000642
0.000630
0.002180
-0.001564
-0.001519
-0.001887
-0.000382
0.002448
0.000295
-0.001353
0.002319
-0.001363
0.001226
-0.001010
-0.001740
-0.001883
0.000637
-0.001614
0.002479
0.002104
0.002075
-0.001485
-0.000029
0.000966
0.002048
-0.000669
-0.002195
0.002244
0.001713
-0.000685
-0.001186
0.002154
-0.000041
0.001289
-0.000314
0.000010
-0.001897
0.000502
0.002220
0.002381
-0.000928
0.002280
0.002415
-0.002181
0.000032
0.001646
-0.001473
-0.037221
0.027806
-0.000002
0.004443
0.017230
-0.015711
-0.031052
0.027133
0.009787
0.001427
0.030573
-0.004288
-0.035194
0.002207
-0.025726
-0.011690
-0.001957
0.010880
0.010702
0.032683
-0.024026
-0.023397
-0.028571
-0.006898
0.036460
0.005485
-0.021075
0.034645
-0.021215
0.019283
-0.016216
-0.026501
-0.028511
0.010803
-0.024736
0.036902
0.031607
0.031205
-0.022922
-0.000585
0.015590
0.030821
-0.011283
-0.032898
0.033582
0.026116
-0.011522
-0.018720
0.032320
-0.000838
0.020165
-0.005795
0.000209
-0.028697
0.008767
0.033240
0.035509
-0.015045
0.034085
0.035998
-0.032697
0.000654
0.025183
-0.022755
0.246616
-1.029955
-0.570933
0.104376
1.025623
0.224335
-0.011780
0.009020
0.005974
0.012780
0.006704
0.006428
0.020351
0.023238
0.001932
-0.012533
-0.015251
-0.005072
-0.008056
-0.016083
0.000726
0.007535
-0.008228
0.005944
0.013273
-0.023155
0.001175
-0.007572
-0.006121
-0.022437
-0.007986
-0.003466
0.000063
0.009142
-0.000325
0.005758
-0.007374
0.015043
0.007812
-0.003867
0.009779
-0.002356
0.001856
0.018631
-0.007415
-0.019449
-0.011184
0.002141
-0.006542
0.022060
0.009208
-0.006901
0.001790
0.011503
0.004090
0.005645
-0.009094
0.009377
-0.002368
0.011441
0.019546
-0.013528
0.006772
0.010332
0.006529
-0.003223
-0.005178
-0.006988
-0.000829
-0.014467
0.194406
-0.155645
-0.107130
-0.207240
-0.119260
-0.114725
-0.287690
-0.312313
-0.035575
0.204149
0.236523
0.091737
0.140904
0.245667
-0.013408
-0.132717
0.143566
-0.106646
-0.213379
0.311651
-0.021690
0.133295
0.109615
0.305749
0.139835
0.063428
-0.001159
-0.157458
0.006013
-0.103491
0.130143
-0.234202
-0.137091
0.070596
-0.166787
0.043336
-0.034189
-0.271646
0.130795
0.279403
0.186455
-0.039418
0.116620
-0.302586
-0.158439
0.122489
-0.032985
-0.190739
-0.074550
-0.101577
0.156730
-0.160941
0.043578
-0.189903
-0.280311
0.216473
-0.120389
-0.174672
-0.116399
0.059067
0.093577
0.123904
0.015309
0.227603
0.196153
-0.162096
-0.115552
-0.206843
-0.127600
-0.123126
-0.268053
-0.285046
-0.039671
0.204291
0.230226
0.099886
0.148419
0.237257
-0.015011
-0.140647
0.150918
-0.115066
-0.211858
0.284599
-0.024256
0.141201
0.118042
0.280587
0.147410
0.070060
-0.001293
-0.163749
0.006733
-0.111884
0.138179
-0.228423
-0.144815
0.077726
-0.172164
0.048222
-0.038138
-0.256575
0.138805
0.262166
0.189383
-0.043912
0.125001
-0.278420
-0.164641
0.130760
-0.036809
-0.193041
-0.081928
-0.109947
0.163088
-0.166911
0.048489
-0.192331
-0.262813
0.214364
-0.128706
-0.179150
-0.124782
0.065360
0.101779
0.132140
0.017135
0.223246
-0.013606
0.010609
0.007083
0.014633
0.007941
0.007619
0.021440
0.023639
0.002282
-0.014384
-0.017038
-0.006014
-0.009511
-0.017807
0.000857
0.008912
-0.009708
0.007048
0.015131
-0.023579
0.001387
-0.008954
-0.007257
-0.023049
-0.009432
-0.004105
0.000074
0.010745
-0.000384
0.006829
-0.008725
0.016845
0.009231
-0.004582
0.011454
-0.002785
0.002192
0.020034
-0.008771
-0.020711
-0.012977
0.002531
-0.007753
0.022765
0.010819
-0.008173
0.002115
0.013315
0.004848
0.006695
-0.010691
0.011009
-0.002801
0.013250
0.020790
-0.015382
0.008022
0.012059
0.007737
-0.003816
-0.006141
-0.008274
-0.000979
-0.016297
-0.336129
0.274824
0.193558
0.355718
0.214338
0.206604
0.470944
0.503720
0.065681
-0.351032
-0.399143
-0.166767
-0.250659
-0.412350
0.024817
0.237038
-0.255055
0.192724
0.364969
-0.502855
0.040119
-0.238005
-0.197840
-0.495097
-0.248888
-0.116384
0.002141
0.277764
-0.011133
0.187264
-0.232727
0.395768
0.244334
-0.129265
0.292776
-0.079898
0.063135
0.448975
-0.233821
-0.459657
-0.323814
0.072728
-0.209843
0.490910
0.279350
-0.219819
0.060927
0.330464
0.136341
0.183944
-0.276585
0.283392
-0.080343
0.329168
0.460899
-0.369599
0.216258
0.305317
0.209465
-0.108507
-0.169993
-0.222214
-0.028332
-0.386102
-0.029049
0.023291
0.016070
0.030957
0.017879
0.017203
0.043013
0.046766
0.005353
-0.030497
-0.035320
-0.013772
-0.021100
-0.036688
0.002018
0.019882
-0.021496
0.015998
0.031870
-0.046665
0.003264
-0.019968
-0.016441
-0.045762
-0.020941
-0.009534
0.000175
0.023560
-0.000905
0.015527
-0.019499
0.034974
0.020533
-0.010609
0.024946
-0.006519
0.005144
0.040588
-0.019596
-0.041759
-0.027867
0.005930
-0.017485
0.045278
0.023706
-0.018360
0.004963
0.028504
0.011201
0.015242
-0.023453
0.024078
-0.006555
0.028379
0.041897
-0.032331
0.018047
0.026117
0.017453
-0.008880
-0.014047
-0.018571
-0.002304
-0.033989
