-0.104362
0.074942
-0.000040
0.016498
0.048936
-0.045405
-0.084209
0.073095
0.031453
0.005708
0.082738
-0.016026
-0.097298
0.008704
-0.069386
-0.036090
-0.007763
0.034157
0.033718
0.089149
-0.065082
-0.063553
-0.077070
-0.023865
0.101626
0.019724
-0.057917
0.095452
-0.058234
0.053662
-0.046635
-0.071434
-0.076848
0.033971
-0.066844
0.103220
0.085875
0.084651
-0.062371
-0.002374
0.045157
0.083502
-0.035112
-0.089843
0.091988
0.070412
-0.035669
-0.052370
0.088031
-0.003376
0.055733
-0.020713
0.000823
-0.077426
0.028863
0.090923
0.098371
-0.043931
0.093664
0.100055
-0.089195
0.002650
0.068034
-0.061966
0.000000
-0.013450
-0.058285
0.000000
0.000000
0.000000
0.000000
0.000000
0.000000
0.000000
0.000000
0.017933
0.000000
0.000000
0.000000
0.000000
0.000000
0.000000
0.017933
0.000000
0.000000
0.000000
0.000000
0.000000
0.000000
0.017933
0.000000
0.000000
0.000000
0.000000
0.000000
0.017933
0.000000
0.000000
0.000000
0.000000
0.000000
0.000000
0.017933
0.000000
0.000000
0.000000
0.000000
0.000000
0.000000
0.017933
0.000000
0.000000
0.000000
0.000000
0.000000
0.000000
0.017933
0.000000
0.010168
0.044050
0.000000
0.000000
0.000000
0.000000
0.000000
0.000000
0.000000
0.000000
-0.013551
0.000000
0.000000
0.000000
0.000000
0.000000
0.000000
-0.013551
0.000000
0.000000
0.000000
0.000000
0.000000
0.000000
-0.013551
0.000000
0.000000
0.000000
0.000000
0.000000
-0.013551
0.000000
0.000000
0.000000
0.000000
0.000000
0.000000
-0.013551
0.000000
0.000000
0.000000
0.000000
0.000000
0.000000
-0.013551
0.000000
0.000000
0.000000
0.000000
0.000000
0.000000
-0.013551
0.000000
0.000000
-0.000001
0.000000
0.000000
0.000000
0.000000
0.000000
0.000000
0.000000
0.000000
-0.000000
0.000000
0.000000
0.000000
0.000000
0.000000
0.000000
-0.000000
0.000000
0.000000
0.000000
0.000000
0.000000
0.000000
-0.000000
0.000000
0.000000
0.000000
0.000000
0.000000
-0.000000
0.000000
0.000000
0.000000
0.000000
0.000000
0.000000
-0.000000
0.000000
0.000000
0.000000
0.000000
0.000000
0.000000
-0.000000
0.000000
0.000000
0.000000
0.000000
0.000000
0.000000
-0.000000
0.000000
0.002130
0.009231
0.000000
0.000000
0.000000
0.000000
0.000000
0.000000
0.000000
0.000000
-0.002840
0.000000
0.000000
0.000000
0.000000
0.000000
0.000000
-0.002840
0.000000
0.000000
0.000000
0.000000
0.000000
0.000000
-0.002840
0.000000
0.000000
0.000000
0.000000
0.000000
-0.002840
0.000000
0.000000
0.000000
0.000000
0.000000
0.000000
-0.002840
0.000000
0.000000
0.000000
0.000000
0.000000
0.000000
-0.002840
0.000000
0.000000
0.000000
0.000000
0.000000
0.000000
-0.002840
0.000000
0.006653
0.028831
0.000000
0.000000
0.000000
0.000000
0.000000
0.000000
0.000000
0.000000
-0.008869
0.000000
0.000000
0.000000
0.000000
0.000000
0.000000
-0.008869
0.000000
0.000000
0.000000
0.000000
0.000000
0.000000
-0.008869
0.000000
0.000000
0.000000
0.000000
0.000000
-0.008869
0.000000
0.000000
0.000000
0.000000
0.000000
0.000000
-0.008869
0.000000
0.000000
0.000000
0.000000
0.000000
0.000000
-0.008869
0.000000
0.000000
0.000000
0.000000
0.000000
0.000000
-0.008869
0.000000
-0.006158
-0.026684
0.000000
0.000000
0.000000
0.000000
0.000000
0.000000
0.000000
0.000000
0.008210
0.000000
0.000000
0.000000
0.000000
0.000000
0.000000
0.008210
0.000000
0.000000
0.000000
0.000000
0.000000
0.000000
0.008210
0.000000
0.000000
0.000000
0.000000
0.000000
0.008210
0.000000
0.000000
0.000000
0.000000
0.000000
0.000000
0.008210
0.000000
0.000000
0.000000
0.000000
0.000000
0.000000
0.008210
0.000000
0.000000
0.000000
0.000000
0.000000
0.000000
0.008210
0.000000
-0.011286
-0.048909
0.000000
0.000000
0.000000
0.000000
0.000000
0.000000
0.000000
0.000000
0.015050
0.000000
0.000000
0.000000
0.000000
0.000000
0.000000
0.015050
0.000000
0.000000
0.000000
0.000000
0.000000
0.000000
0.015050
0.000000
0.000000
0.000000
0.000000
0.000000
0.015050
0.000000
0.000000
0.000000
0.000000
0.000000
0.000000
0.015050
0.000000
0.000000
0.000000
0.000000
0.000000
0.000000
0.015050
0.000000
0.000000
0.000000
0.000000
0.000000
0.000000
0.015050
0.000000
0.009935
0.043051
0.000000
0.000000
0.000000
0.000000
0.000000
0.000000
0.000000
0.000000
-0.013249
0.000000
0.000000
0.000000
0.000000
0.000000
0.000000
-0.013249
0.000000
0.000000
0.000000
0.000000
0.000000
0.000000
-0.013249
0.000000
0.000000
0.000000
0.000000
0.000000
-0.013249
0.000000
0.000000
0.000000
0.000000
0.000000
0.000000
-0.013249
0.000000
0.000000
0.000000
0.000000
0.000000
0.000000
-0.013249
0.000000
0.000000
0.000000
0.000000
0.000000
0.000000
-0.013249
0.000000
0.004175
0.018087
0.000000
0.000000
0.000000
0.000000
0.000000
0.000000
0.000000
0.000000
-0.005564
0.000000
0.000000
0.000000
0.000000
0.000000
0.000000
-0.005564
0.000000
0.000000
0.000000
0.000000
0.000000
0.000000
-0.005564
0.000000
0.000000
0.000000
0.000000
0.000000
-0.005564
0.000000
0.000000
0.000000
0.000000
0.000000
0.000000
-0.005564
0.000000
0.000000
0.000000
0.000000
0.000000
0.000000
-0.005564
0.000000
0.000000
0.000000
0.000000
0.000000
0.000000
-0.005564
0.000000
0.000727
0.003151
0.000000
0.000000
0.000000
0.000000
0.000000
0.000000
0.000000
0.000000
-0.000970
0.000000
0.000000
0.000000
0.000000
0.000000
0.000000
-0.000970
0.000000
0.000000
0.000000
0.000000
0.000000
0.000000
-0.000970
0.000000
0.000000
0.000000
0.000000
0.000000
-0.000970
0.000000
0.000000
0.000000
0.000000
0.000000
0.000000
-0.000970
0.000000
0.000000
0.000000
0.000000
0.000000
0.000000
-0.000970
0.000000
0.000000
0.000000
0.000000
0.000000
0.000000
-0.000970
0.000000
0.011118
0.048185
0.000000
0.000000
0.000000
0.000000
0.000000
0.000000
0.000000
0.000000
-0.014828
0.000000
0.000000
0.000000
0.000000
0.000000
0.000000
-0.014828
0.000000
0.000000
0.000000
0.000000
0.000000
0.000000
-0.014828
0.000000
0.000000
0.000000
0.000000
0.000000
-0.014828
0.000000
0.000000
0.000000
0.000000
0.000000
0.000000
-0.014828
0.000000
0.000000
0.000000
0.000000
0.000000
0.000000
-0.014828
0.000000
0.000000
0.000000
0.000000
0.000000
0.000000
-0.014828
0.000000
-0.002064
-0.008944
0.000000
0.000000
0.000000
0.000000
0.000000
0.000000
0.000000
0.000000
0.002750
0.000000
0.000000
0.000000
0.000000
0.000000
0.000000
0.002750
0.000000
0.000000
0.000000
0.000000
0.000000
0.000000
0.002750
0.000000
0.000000
0.000000
0.000000
0.000000
0.002750
0.000000
0.000000
0.000000
0.000000
0.000000
0.000000
0.002750
0.000000
0.000000
0.000000
0.000000
0.000000
0.000000
0.002750
0.000000
0.000000
0.000000
0.000000
0.000000
0.000000
0.002750
0.000000
-0.012740
-0.055203
0.000000
0.000000
0.000000
0.000000
0.000000
0.000000
0.000000
0.000000
0.016986
0.000000
0.000000
0.000000
0.000000
0.000000
0.000000
0.016986
0.000000
0.000000
0.000000
0.000000
0.000000
0.000000
0.016986
0.000000
0.000000
0.000000
0.000000
0.000000
0.016986
0.000000
0.000000
0.000000
0.000000
0.000000
0.000000
0.016986
0.000000
0.000000
0.000000
0.000000
0.000000
0.000000
0.016986
0.000000
0.000000
0.000000
0.000000
0.000000
0.000000
0.016986
0.000000
0.001111
0.004814
0.000000
0.000000
0.000000
0.000000
0.000000
0.000000
0.000000
0.000000
-0.001482
0.000000
0.000000
0.000000
0.000000
0.000000
0.000000
-0.001482
0.000000
0.000000
0.000000
0.000000
0.000000
0.000000
-0.001482
0.000000
0.000000
0.000000
0.000000
0.000000
-0.001482
0.000000
0.000000
0.000000
0.000000
0.000000
0.000000
-0.001482
0.000000
0.000000
0.000000
0.000000
0.000000
0.000000
-0.001482
0.000000
0.000000
0.000000
0.000000
0.000000
0.000000
-0.001482
0.000000
-0.009456
-0.040981
0.000000
0.000000
0.000000
0.000000
0.000000
0.000000
0.000000
0.000000
0.012611
0.000000
0.000000
0.000000
0.000000
0.000000
0.000000
0.012611
0.000000
0.000000
0.000000
0.000000
0.000000
0.000000
0.012611
0.000000
0.000000
0.000000
0.000000
0.000000
0.012611
0.000000
0.000000
0.000000
0.000000
0.000000
0.000000
0.012611
0.000000
0.000000
0.000000
0.000000
0.000000
0.000000
0.012611
0.000000
0.000000
0.000000
0.000000
0.000000
0.000000
0.012611
0.000000
-0.004827
-0.020918
0.000000
0.000000
0.000000
0.000000
0.000000
0.000000
0.000000
0.000000
0.006436
0.000000
0.000000
0.000000
0.000000
0.000000
0.000000
0.006436
0.000000
0.000000
0.000000
0.000000
0.000000
0.000000
0.006436
0.000000
0.000000
0.000000
0.000000
0.000000
0.006436
0.000000
0.000000
0.000000
0.000000
0.000000
0.000000
0.006436
0.000000
0.000000
0.000000
0.000000
0.000000
0.000000
0.006436
0.000000
0.000000
0.000000
0.000000
0.000000
0.000000
0.006436
0.000000
-0.000990
-0.004290
0.000000
0.000000
0.000000
0.000000
0.000000
0.000000
0.000000
0.000000
0.001319
0.000000
0.000000
0.000000
0.000000
0.000000
0.000000
0.001319
0.000000
0.000000
0.000000
0.000000
0.000000
0.000000
0.001319
0.000000
0.000000
0.000000
0.000000
0.000000
0.001319
0.000000
0.000000
0.000000
0.000000
0.000000
0.000000
0.001319
0.000000
0.000000
0.000000
0.000000
0.000000
0.000000
0.001319
0.000000
0.000000
0.000000
0.000000
0.000000
0.000000
0.001319
0.000000
0.004551
0.019725
0.000000
0.000000
0.000000
0.000000
0.000000
0.000000
0.000000
0.000000
-0.006069
0.000000
0.000000
0.000000
0.000000
0.000000
0.000000
-0.006069
0.000000
0.000000
0.000000
0.000000
0.000000
0.000000
-0.006069
0.000000
0.000000
0.000000
0.000000
0.000000
-0.006069
0.000000
0.000000
0.000000
0.000000
0.000000
0.000000
-0.006069
0.000000
0.000000
0.000000
0.000000
0.000000
0.000000
-0.006069
0.000000
0.000000
0.000000
0.000000
0.000000
0.000000
-0.006069
0.000000
0.004489
0.019459
0.000000
0.000000
0.000000
0.000000
0.000000
0.000000
0.000000
0.000000
-0.005988
0.000000
0.000000
0.000000
0.000000
0.000000
0.000000
-0.005988
0.000000
0.000000
0.000000
0.000000
0.000000
0.000000
-0.005988
0.000000
0.000000
0.000000
0.000000
0.000000
-0.005988
0.000000
0.000000
0.000000
0.000000
0.000000
0.000000
-0.005988
0.000000
0.000000
0.000000
0.000000
0.000000
0.000000
-0.005988
0.000000
0.000000
0.000000
0.000000
0.000000
0.000000
-0.005988
0.000000
0.011855
0.051386
0.000000
0.000000
0.000000
0.000000
0.000000
0.000000
0.000000
0.000000
-0.015810
0.000000
0.000000
0.000000
0.000000
0.000000
0.000000
-0.015810
0.000000
0.000000
0.000000
0.000000
0.000000
0.000000
-0.015810
0.000000
0.000000
0.000000
0.000000
0.000000
-0.015810
0.000000
0.000000
0.000000
0.000000
0.000000
0.000000
-0.015810
0.000000
0.000000
0.000000
0.000000
0.000000
0.000000
-0.015810
0.000000
0.000000
0.000000
0.000000
0.000000
0.000000
-0.015810
0.000000
-0.008886
-0.038508
0.000000
0.000000
0.000000
0.000000
0.000000
0.000000
0.000000
0.000000
0.011848
0.000000
0.000000
0.000000
0.000000
0.000000
0.000000
0.011848
0.000000
0.000000
0.000000
0.000000
0.000000
0.000000
0.011848
0.000000
0.000000
0.000000
0.000000
0.000000
0.011848
0.000000
0.000000
0.000000
0.000000
0.000000
0.000000
0.011848
0.000000
0.000000
0.000000
0.000000
0.000000
0.000000
0.011848
0.000000
0.000000
0.000000
0.000000
0.000000
0.000000
0.011848
0.000000
-0.008676
-0.037601
0.000000
0.000000
0.000000
0.000000
0.000000
0.000000
0.000000
0.000000
0.011567
0.000000
0.000000
0.000000
0.000000
0.000000
0.000000
0.011567
0.000000
0.000000
0.000000
0.000000
0.000000
0.000000
0.011567
0.000000
0.000000
0.000000
0.000000
0.000000
0.011567
0.000000
0.000000
0.000000
0.000000
0.000000
0.000000
0.011567
0.000000
0.000000
0.000000
0.000000
0.000000
0.000000
0.011567
0.000000
0.000000
0.000000
0.000000
0.000000
0.000000
0.011567
0.000000
-0.010427
-0.045185
0.000000
0.000000
0.000000
0.000000
0.000000
0.000000
0.000000
0.000000
0.013903
0.000000
0.000000
0.000000
0.000000
0.000000
0.000000
0.013903
0.000000
0.000000
0.000000
0.000000
0.000000
0.000000
0.013903
0.000000
0.000000
0.000000
0.000000
0.000000
0.013903
0.000000
0.000000
0.000000
0.000000
0.000000
0.000000
0.013903
0.000000
0.000000
0.000000
0.000000
0.000000
0.000000
0.013903
0.000000
0.000000
0.000000
0.000000
0.000000
0.000000
0.013903
0.000000
-0.003120
-0.013523
0.000000
0.000000
0.000000
0.000000
0.000000
0.000000
0.000000
0.000000
0.004162
0.000000
0.000000
0.000000
0.000000
0.000000
0.000000
0.004162
0.000000
0.000000
0.000000
0.000000
0.000000
0.000000
0.004162
0.000000
0.000000
0.000000
0.000000
0.000000
0.004162
0.000000
0.000000
0.000000
0.000000
0.000000
0.000000
0.004162
0.000000
0.000000
0.000000
0.000000
0.000000
0.000000
0.004162
0.000000
0.000000
0.000000
0.000000
0.000000
0.000000
0.004162
0.000000
0.013183
0.057129
0.000000
0.000000
0.000000
0.000000
0.000000
0.000000
0.000000
0.000000
-0.017579
0.000000
0.000000
0.000000
0.000000
0.000000
0.000000
-0.017579
0.000000
0.000000
0.000000
0.000000
0.000000
0.000000
-0.017579
0.000000
0.000000
0.000000
0.000000
0.000000
-0.017579
0.000000
0.000000
0.000000
0.000000
0.000000
0.000000
-0.017579
0.000000
0.000000
0.000000
0.000000
0.000000
0.000000
-0.017579
0.000000
0.000000
0.000000
0.000000
0.000000
0.000000
-0.017579
0.000000
0.002564
0.011110
0.000000
0.000000
0.000000
0.000000
0.000000
0.000000
0.000000
0.000000
-0.003422
0.000000
0.000000
0.000000
0.000000
0.000000
0.000000
-0.003422
0.000000
0.000000
0.000000
0.000000
0.000000
0.000000
-0.003422
0.000000
0.000000
0.000000
0.000000
0.000000
-0.003422
0.000000
0.000000
0.000000
0.000000
0.000000
0.000000
-0.003422
0.000000
0.000000
0.000000
0.000000
0.000000
0.000000
-0.003422
0.000000
0.000000
0.000000
0.000000
0.000000
0.000000
-0.003422
0.000000
-0.007907
-0.034268
0.000000
0.000000
0.000000
0.000000
0.000000
0.000000
0.000000
0.000000
0.010544
0.000000
0.000000
0.000000
0.000000
0.000000
0.000000
0.010544
0.000000
0.000000
0.000000
0.000000
0.000000
0.000000
0.010544
0.000000
0.000000
0.000000
0.000000
0.000000
0.010544
0.000000
0.000000
0.000000
0.000000
0.000000
0.000000
0.010544
0.000000
0.000000
0.000000
0.000000
0.000000
0.000000
0.010544
0.000000
0.000000
0.000000
0.000000
0.000000
0.000000
0.010544
0.000000
0.012548
0.054370
0.000000
0.000000
0.000000
0.000000
0.000000
0.000000
0.000000
0.000000
-0.016729
0.000000
0.000000
0.000000
0.000000
0.000000
0.000000
-0.016729
0.000000
0.000000
0.000000
0.000000
0.000000
0.000000
-0.016729
0.000000
0.000000
0.000000
0.000000
0.000000
-0.016729
0.000000
0.000000
0.000000
0.000000
0.000000
0.000000
-0.016729
0.000000
0.000000
0.000000
0.000000
0.000000
0.000000
-0.016729
0.000000
0.000000
0.000000
0.000000
0.000000
0.000000
-0.016729
0.000000
-0.007955
-0.034471
0.000000
0.000000
0.000000
0.000000
0.000000
0.000000
0.000000
0.000000
0.010606
0.000000
0.000000
0.000000
0.000000
0.000000
0.000000
0.010606
0.000000
0.000000
0.000000
0.000000
0.000000
0.000000
0.010606
0.000000
0.000000
0.000000
0.000000
0.000000
0.010606
0.000000
0.000000
0.000000
0.000000
0.000000
0.000000
0.010606
0.000000
0.000000
0.000000
0.000000
0.000000
0.000000
0.010606
0.000000
0.000000
0.000000
0.000000
0.000000
0.000000
0.010606
0.000000
0.007320
0.031728
0.000000
0.000000
0.000000
0.000000
0.000000
0.000000
0.000000
0.000000
-0.009764
0.000000
0.000000
0.000000
0.000000
0.000000
0.000000
-0.009764
0.000000
0.000000
0.000000
0.000000
0.000000
0.000000
-0.009764
0.000000
0.000000
0.000000
0.000000
0.000000
-0.009764
0.000000
0.000000
0.000000
0.000000
0.000000
0.000000
-0.009764
0.000000
0.000000
0.000000
0.000000
0.000000
0.000000
-0.009764
0.000000
0.000000
0.000000
0.000000
0.000000
0.000000
-0.009764
0.000000
-0.006323
-0.027400
0.000000
0.000000
0.000000
0.000000
0.000000
0.000000
0.000000
0.000000
0.008429
0.000000
0.000000
0.000000
0.000000
0.000000
0.000000
0.008429
0.000000
0.000000
0.000000
0.000000
0.000000
0.000000
0.008429
0.000000
0.000000
0.000000
0.000000
0.000000
0.008429
0.000000
0.000000
0.000000
0.000000
0.000000
0.000000
0.008429
0.000000
0.000000
0.000000
0.000000
0.000000
0.000000
0.008429
0.000000
0.000000
0.000000
0.000000
0.000000
0.000000
0.008429
0.000000
-0.009720
-0.042121
0.000000
0.000000
0.000000
0.000000
0.000000
0.000000
0.000000
0.000000
0.012961
0.000000
0.000000
0.000000
0.000000
0.000000
0.000000
0.012961
0.000000
0.000000
0.000000
0.000000
0.000000
0.000000
0.012961
0.000000
0.000000
0.000000
0.000000
0.000000
0.012961
0.000000
0.000000
0.000000
0.000000
0.000000
0.000000
0.012961
0.000000
0.000000
0.000000
0.000000
0.000000
0.000000
0.012961
0.000000
0.000000
0.000000
0.000000
0.000000
0.000000
0.012961
0.000000
-0.010407
-0.045099
0.000000
0.000000
0.000000
0.000000
0.000000
0.000000
0.000000
0.000000
0.013876
0.000000
0.000000
0.000000
0.000000
0.000000
0.000000
0.013876
0.000000
0.000000
0.000000
0.000000
0.000000
0.000000
0.013876
0.000000
0.000000
0.000000
0.000000
0.000000
0.013876
0.000000
0.000000
0.000000
0.000000
0.000000
0.000000
0.013876
0.000000
0.000000
0.000000
0.000000
0.000000
0.000000
0.013876
0.000000
0.000000
0.000000
0.000000
0.000000
0.000000
0.013876
0.000000
0.004524
0.019612
0.000000
0.000000
0.000000
0.000000
0.000000
0.000000
0.000000
0.000000
-0.006033
0.000000
0.000000
0.000000
0.000000
0.000000
0.000000
-0.006033
0.000000
0.000000
0.000000
0.000000
0.000000
0.000000
-0.006033
0.000000
0.000000
0.000000
0.000000
0.000000
-0.006033
0.000000
0.000000
0.000000
0.000000
0.000000
0.000000
-0.006033
0.000000
0.000000
0.000000
0.000000
0.000000
0.000000
-0.006033
0.000000
0.000000
0.000000
0.000000
0.000000
0.000000
-0.006033
0.000000
-0.009123
-0.039538
0.000000
0.000000
0.000000
0.000000
0.000000
0.000000
0.000000
0.000000
0.012165
0.000000
0.000000
0.000000
0.000000
0.000000
0.000000
0.012165
0.000000
0.000000
0.000000
0.000000
0.000000
0.000000
0.012165
0.000000
0.000000
0.000000
0.000000
0.000000
0.012165
0.000000
0.000000
0.000000
0.000000
0.000000
0.000000
0.012165
0.000000
0.000000
0.000000
0.000000
0.000000
0.000000
0.012165
0.000000
0.000000
0.000000
0.000000
0.000000
0.000000
0.012165
0.000000
0.013338
0.057803
0.000000
0.000000
0.000000
0.000000
0.000000
0.000000
0.000000
0.000000
-0.017784
0.000000
0.000000
0.000000
0.000000
0.000000
0.000000
-0.017784
0.000000
0.000000
0.000000
0.000000
0.000000
0.000000
-0.017784
0.000000
0.000000
0.000000
0.000000
0.000000
-0.017784
0.000000
0.000000
0.000000
0.000000
0.000000
0.000000
-0.017784
0.000000
0.000000
0.000000
0.000000
0.000000
0.000000
-0.017784
0.000000
0.000000
0.000000
0.000000
0.000000
0.000000
-0.017784
0.000000
0.011481
0.049748
0.000000
0.000000
0.000000
0.000000
0.000000
0.000000
0.000000
0.000000
-0.015308
0.000000
0.000000
0.000000
0.000000
0.000000
0.000000
-0.015308
0.000000
0.000000
0.000000
0.000000
0.000000
0.000000
-0.015308
0.000000
0.000000
0.000000
0.000000
0.000000
-0.015308
0.000000
0.000000
0.000000
0.000000
0.000000
0.000000
-0.015308
0.000000
0.000000
0.000000
0.000000
0.000000
0.000000
-0.015308
0.000000
0.000000
0.000000
0.000000
0.000000
0.000000
-0.015308
0.000000
0.011341
0.049145
0.000000
0.000000
0.000000
0.000000
0.000000
0.000000
0.000000
0.000000
-0.015121
0.000000
0.000000
0.000000
0.000000
0.000000
0.000000
-0.015121
0.000000
0.000000
0.000000
0.000000
0.000000
0.000000
-0.015121
0.000000
0.000000
0.000000
0.000000
0.000000
-0.015121
0.000000
0.000000
0.000000
0.000000
0.000000
0.000000
-0.015121
0.000000
0.000000
0.000000
0.000000
0.000000
0.000000
-0.015121
0.000000
0.000000
0.000000
0.000000
0.000000
0.000000
-0.015121
0.000000
-0.008518
-0.036912
0.000000
0.000000
0.000000
0.000000
0.000000
0.000000
0.000000
0.000000
0.011357
0.000000
0.000000
0.000000
0.000000
0.000000
0.000000
0.011357
0.000000
0.000000
0.000000
0.000000
0.000000
0.000000
0.011357
0.000000
0.000000
0.000000
0.000000
0.000000
0.011357
0.000000
0.000000
0.000000
0.000000
0.000000
0.000000
0.011357
0.000000
0.000000
0.000000
0.000000
0.000000
0.000000
0.011357
0.000000
0.000000
0.000000
0.000000
0.000000
0.000000
0.011357
0.000000
-0.000302
-0.001303
0.000000
0.000000
0.000000
0.000000
0.000000
0.000000
0.000000
0.000000
0.000400
0.000000
0.000000
0.000000
0.000000
0.000000
0.000000
0.000400
0.000000
0.000000
0.000000
0.000000
0.000000
0.000000
0.000400
0.000000
0.000000
0.000000
0.000000
0.000000
0.000400
0.000000
0.000000
0.000000
0.000000
0.000000
0.000000
0.000400
0.000000
0.000000
0.000000
0.000000
0.000000
0.000000
0.000400
0.000000
0.000000
0.000000
0.000000
0.000000
0.000000
0.000400
0.000000
0.006120
0.026515
0.000000
0.000000
0.000000
0.000000
0.000000
0.000000
0.000000
0.000000
-0.008157
0.000000
0.000000
0.000000
0.000000
0.000000
0.000000
-0.008157
0.000000
0.000000
0.000000
0.000000
0.000000
0.000000
-0.008157
0.000000
0.000000
0.000000
0.000000
0.000000
-0.008157
0.000000
0.000000
0.000000
0.000000
0.000000
0.000000
-0.008157
0.000000
0.000000
0.000000
0.000000
0.000000
0.000000
-0.008157
0.000000
0.000000
0.000000
0.000000
0.000000
0.000000
-0.008157
0.000000
0.011203
0.048562
0.000000
0.000000
0.000000
0.000000
0.000000
0.000000
0.000000
0.000000
-0.014942
0.000000
0.000000
0.000000
0.000000
0.000000
0.000000
-0.014942
0.000000
0.000000
0.000000
0.000000
0.000000
0.000000
-0.014942
0.000000
0.000000
0.000000
0.000000
0.000000
-0.014942
0.000000
0.000000
0.000000
0.000000
0.000000
0.000000
-0.014942
0.000000
0.000000
0.000000
0.000000
0.000000
0.000000
-0.014942
0.000000
0.000000
0.000000
0.000000
0.000000
0.000000
-0.014942
0.000000
-0.004691
-0.020320
0.000000
0.000000
0.000000
0.000000
0.000000
0.000000
0.000000
0.000000
0.006252
0.000000
0.000000
0.000000
0.000000
0.000000
0.000000
0.006252
0.000000
0.000000
0.000000
0.000000
0.000000
0.000000
0.006252
0.000000
0.000000
0.000000
0.000000
0.000000
0.006252
0.000000
0.000000
0.000000
0.000000
0.000000
0.000000
0.006252
0.000000
0.000000
0.000000
0.000000
0.000000
0.000000
0.006252
0.000000
0.000000
0.000000
0.000000
0.000000
0.000000
0.006252
0.000000
-0.011934
-0.051708
0.000000
0.000000
0.000000
0.000000
0.000000
0.000000
0.000000
0.000000
0.015909
0.000000
0.000000
0.000000
0.000000
0.000000
0.000000
0.015909
0.000000
0.000000
0.000000
0.000000
0.000000
0.000000
0.015909
0.000000
0.000000
0.000000
0.000000
0.000000
0.015909
0.000000
0.000000
0.000000
0.000000
0.000000
0.000000
0.015909
0.000000
0.000000
0.000000
0.000000
0.000000
0.000000
0.015909
0.000000
0.000000
0.000000
0.000000
0.000000
0.000000
0.015909
0.000000
0.012175
0.052752
0.000000
0.000000
0.000000
0.000000
0.000000
0.000000
0.000000
0.000000
-0.016230
0.000000
0.000000
0.000000
0.000000
0.000000
0.000000
-0.016230
0.000000
0.000000
0.000000
0.000000
0.000000
0.000000
-0.016230
0.000000
0.000000
0.000000
0.000000
0.000000
-0.016230
0.000000
0.000000
0.000000
0.000000
0.000000
0.000000
-0.016230
0.000000
0.000000
0.000000
0.000000
0.000000
0.000000
-0.016230
0.000000
0.000000
0.000000
0.000000
0.000000
0.000000
-0.016230
0.000000
0.009587
0.041552
0.000000
0.000000
0.000000
0.000000
0.000000
0.000000
0.000000
0.000000
-0.012786
0.000000
0.000000
0.000000
0.000000
0.000000
0.000000
-0.012786
0.000000
0.000000
0.000000
0.000000
0.000000
0.000000
-0.012786
0.000000
0.000000
0.000000
0.000000
0.000000
-0.012786
0.000000
0.000000
0.000000
0.000000
0.000000
0.000000
-0.012786
0.000000
0.000000
0.000000
0.000000
0.000000
0.000000
-0.012786
0.000000
0.000000
0.000000
0.000000
0.000000
0.000000
-0.012786
0.000000
-0.004770
-0.020673
0.000000
0.000000
0.000000
0.000000
0.000000
0.000000
0.000000
0.000000
0.006361
0.000000
0.000000
0.000000
0.000000
0.000000
0.000000
0.006361
0.000000
0.000000
0.000000
0.000000
0.000000
0.000000
0.006361
0.000000
0.000000
0.000000
0.000000
0.000000
0.006361
0.000000
0.000000
0.000000
0.000000
0.000000
0.000000
0.006361
0.000000
0.000000
0.000000
0.000000
0.000000
0.000000
0.006361
0.000000
0.000000
0.000000
0.000000
0.000000
0.000000
0.006361
0.000000
-0.007139
-0.030933
0.000000
0.000000
0.000000
0.000000
0.000000
0.000000
0.000000
0.000000
0.009518
0.000000
0.000000
0.000000
0.000000
0.000000
0.000000
0.009518
0.000000
0.000000
0.000000
0.000000
0.000000
0.000000
0.009518
0.000000
0.000000
0.000000
0.000000
0.000000
0.009518
0.000000
0.000000
0.000000
0.000000
0.000000
0.000000
0.009518
0.000000
0.000000
0.000000
0.000000
0.000000
0.000000
0.009518
0.000000
0.000000
0.000000
0.000000
0.000000
0.000000
0.009518
0.000000
0.011729
0.050833
0.000000
0.000000
0.000000
0.000000
0.000000
0.000000
0.000000
0.000000
-0.015641
0.000000
0.000000
0.000000
0.000000
0.000000
0.000000
-0.015641
0.000000
0.000000
0.000000
0.000000
0.000000
0.000000
-0.015641
0.000000
0.000000
0.000000
0.000000
0.000000
-0.015641
0.000000
0.000000
0.000000
0.000000
0.000000
0.000000
-0.015641
0.000000
0.000000
0.000000
0.000000
0.000000
0.000000
-0.015641
0.000000
0.000000
0.000000
0.000000
0.000000
0.000000
-0.015641
0.000000
-0.000430
-0.001864
0.000000
0.000000
0.000000
0.000000
0.000000
0.000000
0.000000
0.000000
0.000572
0.000000
0.000000
0.000000
0.000000
0.000000
0.000000
0.000572
0.000000
0.000000
0.000000
0.000000
0.000000
0.000000
0.000572
0.000000
0.000000
0.000000
0.000000
0.000000
0.000572
0.000000
0.000000
0.000000
0.000000
0.000000
0.000000
0.000572
0.000000
0.000000
0.000000
0.000000
0.000000
0.000000
0.000572
0.000000
0.000000
0.000000
0.000000
0.000000
0.000000
0.000572
0.000000
0.007611
0.032977
0.000000
0.000000
0.000000
0.000000
0.000000
0.000000
0.000000
0.000000
-0.010147
0.000000
0.000000
0.000000
0.000000
0.000000
0.000000
-0.010147
0.000000
0.000000
0.000000
0.000000
0.000000
0.000000
-0.010147
0.000000
0.000000
0.000000
0.000000
0.000000
-0.010147
0.000000
0.000000
0.000000
0.000000
0.000000
0.000000
-0.010147
0.000000
0.000000
0.000000
0.000000
0.000000
0.000000
-0.010147
0.000000
0.000000
0.000000
0.000000
0.000000
0.000000
-0.010147
0.000000
-0.002690
-0.011657
0.000000
0.000000
0.000000
0.000000
0.000000
0.000000
0.000000
0.000000
0.003586
0.000000
0.000000
0.000000
0.000000
0.000000
0.000000
0.003586
0.000000
0.000000
0.000000
0.000000
0.000000
0.000000
0.003586
0.000000
0.000000
0.000000
0.000000
0.000000
0.003586
0.000000
0.000000
0.000000
0.000000
0.000000
0.000000
0.003586
0.000000
0.000000
0.000000
0.000000
0.000000
0.000000
0.003586
0.000000
0.000000
0.000000
0.000000
0.000000
0.000000
0.003586
0.000000
0.000108
0.000466
0.000000
0.000000
0.000000
0.000000
0.000000
0.000000
0.000000
0.000000
-0.000143
0.000000
0.000000
0.000000
0.000000
0.000000
0.000000
-0.000143
0.000000
0.000000
0.000000
0.000000
0.000000
0.000000
-0.000143
0.000000
0.000000
0.000000
0.000000
0.000000
-0.000143
0.000000
0.000000
0.000000
0.000000
0.000000
0.000000
-0.000143
0.000000
0.000000
0.000000
0.000000
0.000000
0.000000
-0.000143
0.000000
0.000000
0.000000
0.000000
0.000000
0.000000
-0.000143
0.000000
-0.010472
-0.045377
0.000000
0.000000
0.000000
0.000000
0.000000
0.000000
0.000000
0.000000
0.013961
0.000000
0.000000
0.000000
0.000000
0.000000
0.000000
0.013961
0.000000
0.000000
0.000000
0.000000
0.000000
0.000000
0.013961
0.000000
0.000000
0.000000
0.000000
0.000000
0.013961
0.000000
0.000000
0.000000
0.000000
0.000000
0.000000
0.013961
0.000000
0.000000
0.000000
0.000000
0.000000
0.000000
0.013961
0.000000
0.000000
0.000000
0.000000
0.000000
0.000000
0.013961
0.000000
0.003813
0.016519
0.000000
0.000000
0.000000
0.000000
0.000000
0.000000
0.000000
0.000000
-0.005083
0.000000
0.000000
0.000000
0.000000
0.000000
0.000000
-0.005083
0.000000
0.000000
0.000000
0.000000
0.000000
0.000000
-0.005083
0.000000
0.000000
0.000000
0.000000
0.000000
-0.005083
0.000000
0.000000
0.000000
0.000000
0.000000
0.000000
-0.005083
0.000000
0.000000
0.000000
0.000000
0.000000
0.000000
-0.005083
0.000000
0.000000
0.000000
0.000000
0.000000
0.000000
-0.005083
0.000000
0.012051
0.052227
0.000000
0.000000
0.000000
0.000000
0.000000
0.000000
0.000000
0.000000
-0.016070
0.000000
0.000000
0.000000
0.000000
0.000000
0.000000
-0.016070
0.000000
0.000000
0.000000
0.000000
0.000000
0.000000
-0.016070
0.000000
0.000000
0.000000
0.000000
0.000000
-0.016070
0.000000
0.000000
0.000000
0.000000
0.000000
0.000000
-0.016070
0.000000
0.000000
0.000000
0.000000
0.000000
0.000000
-0.016070
0.000000
0.000000
0.000000
0.000000
0.000000
0.000000
-0.016070
0.000000
0.012851
0.055686
0.000000
0.000000
0.000000
0.000000
0.000000
0.000000
0.000000
0.000000
-0.017131
0.000000
0.000000
0.000000
0.000000
0.000000
0.000000
-0.017131
0.000000
0.000000
0.000000
0.000000
0.000000
0.000000
-0.017131
0.000000
0.000000
0.000000
0.000000
0.000000
-0.017131
0.000000
0.000000
0.000000
0.000000
0.000000
0.000000
-0.017131
0.000000
0.000000
0.000000
0.000000
0.000000
0.000000
-0.017131
0.000000
0.000000
0.000000
0.000000
0.000000
0.000000
-0.017131
0.000000
-0.005940
-0.025740
0.000000
0.000000
0.000000
0.000000
0.000000
0.000000
0.000000
0.000000
0.007919
0.000000
0.000000
0.000000
0.000000
0.000000
0.000000
0.007919
0.000000
0.000000
0.000000
0.000000
0.000000
0.000000
0.007919
0.000000
0.000000
0.000000
0.000000
0.000000
0.007919
0.000000
0.000000
0.000000
0.000000
0.000000
0.000000
0.007919
0.000000
0.000000
0.000000
0.000000
0.000000
0.000000
0.007919
0.000000
0.000000
0.000000
0.000000
0.000000
0.000000
0.007919
0.000000
0.012351
0.053517
0.000000
0.000000
0.000000
0.000000
0.000000
0.000000
0.000000
0.000000
-0.016464
0.000000
0.000000
0.000000
0.000000
0.000000
0.000000
-0.016464
0.000000
0.000000
0.000000
0.000000
0.000000
0.000000
-0.016464
0.000000
0.000000
0.000000
0.000000
0.000000
-0.016464
0.000000
0.000000
0.000000
0.000000
0.000000
0.000000
-0.016464
0.000000
0.000000
0.000000
0.000000
0.000000
0.000000
-0.016464
0.000000
0.000000
0.000000
0.000000
0.000000
0.000000
-0.016464
0.000000
0.013021
0.056426
0.000000
0.000000
0.000000
0.000000
0.000000
0.000000
0.000000
0.000000
-0.017362
0.000000
0.000000
0.000000
0.000000
0.000000
0.000000
-0.017362
0.000000
0.000000
0.000000
0.000000
0.000000
0.000000
-0.017362
0.000000
0.000000
0.000000
0.000000
0.000000
-0.017362
0.000000
0.000000
0.000000
0.000000
0.000000
0.000000
-0.017362
0.000000
0.000000
0.000000
0.000000
0.000000
0.000000
-0.017362
0.000000
0.000000
0.000000
0.000000
0.000000
0.000000
-0.017362
0.000000
-0.011863
-0.051402
0.000000
0.000000
0.000000
0.000000
0.000000
0.000000
0.000000
0.000000
0.015816
0.000000
0.000000
0.000000
0.000000
0.000000
0.000000
0.015816
0.000000
0.000000
0.000000
0.000000
0.000000
0.000000
0.015816
0.000000
0.000000
0.000000
0.000000
0.000000
0.015816
0.000000
0.000000
0.000000
0.000000
0.000000
0.000000
0.015816
0.000000
0.000000
0.000000
0.000000
0.000000
0.000000
0.015816
0.000000
0.000000
0.000000
0.000000
0.000000
0.000000
0.015816
0.000000
0.000335
0.001456
0.000000
0.000000
0.000000
0.000000
0.000000
0.000000
0.000000
0.000000
-0.000447
0.000000
0.000000
0.000000
0.000000
0.000000
0.000000
-0.000447
0.000000
0.000000
0.000000
0.000000
0.000000
0.000000
-0.000447
0.000000
0.000000
0.000000
0.000000
0.000000
-0.000447
0.000000
0.000000
0.000000
0.000000
0.000000
0.000000
-0.000447
0.000000
0.000000
0.000000
0.000000
0.000000
0.000000
-0.000447
0.000000
0.000000
0.000000
0.000000
0.000000
0.000000
-0.000447
0.000000
0.009274
0.040188
0.000000
0.000000
0.000000
0.000000
0.000000
0.000000
0.000000
0.000000
-0.012364
0.000000
0.000000
0.000000
0.000000
0.000000
0.000000
-0.012364
0.000000
0.000000
0.000000
0.000000
0.000000
0.000000
-0.012364
0.000000
0.000000
0.000000
0.000000
0.000000
-0.012364
0.000000
0.000000
0.000000
0.000000
0.000000
0.000000
-0.012364
0.000000
0.000000
0.000000
0.000000
0.000000
0.000000
-0.012364
0.000000
0.000000
0.000000
0.000000
0.000000
0.000000
-0.012364
0.000000
-0.008461
-0.036672
0.000000
0.000000
0.000000
0.000000
0.000000
0.000000
0.000000
0.000000
0.011283
0.000000
0.000000
0.000000
0.000000
0.000000
0.000000
0.011283
0.000000
0.000000
0.000000
0.000000
0.000000
0.000000
0.011283
0.000000
0.000000
0.000000
0.000000
0.000000
0.011283
0.000000
0.000000
0.000000
0.000000
0.000000
0.000000
0.011283
0.000000
0.000000
0.000000
0.000000
0.000000
0.000000
0.011283
0.000000
0.000000
0.000000
0.000000
0.000000
0.000000
0.011283
-0.111275
0.089549
0.062134
0.118473
0.069031
0.066455
0.164398
0.179002
0.020834
-0.116735
-0.134974
-0.053347
-0.081257
-0.140163
0.007862
0.076640
-0.082759
0.061858
0.121921
-0.178607
0.012712
-0.076970
-0.063551
-0.175074
-0.080656
-0.037036
0.000676
0.090568
-0.003518
0.060058
-0.075191
0.133658
0.079110
-0.041179
0.095804
-0.025362
0.020021
0.155060
-0.075556
-0.159565
-0.106817
0.023077
-0.067531
0.173189
0.091116
-0.070857
0.019323
0.109214
0.043467
0.058967
-0.090158
0.092521
-0.025500
0.108749
0.160088
-0.123661
0.069664
0.100215
0.067404
-0.034504
-0.054394
-0.071660
-0.008974
-0.129930
0.012457
-0.008953
0.000001
-0.001865
-0.005736
0.005307
0.010078
-0.008729
-0.003612
-0.000640
-0.009908
0.001805
0.011639
-0.000978
0.008273
0.004169
0.000871
-0.003933
-0.003882
-0.010675
0.007738
0.007543
0.009211
0.002717
-0.012144
-0.002241
0.006847
-0.011423
0.006886
-0.006324
0.005447
0.008523
0.009191
-0.003910
0.007959
-0.012327
-0.010280
-0.010135
0.007399
0.000265
-0.005274
-0.009995
0.004050
0.010754
-0.011013
-0.008401
0.004119
0.006159
-0.010542
0.000378
-0.006581
0.002347
-0.000094
0.009253
-0.003306
-0.010884
-0.011765
0.005119
-0.011209
-0.011962
0.010679
-0.000299
-0.008099
0.007349
-0.009987
0.007160
-0.000000
0.001480
0.004574
-0.004229
-0.008069
0.006979
0.002873
0.000508
0.007928
-0.001434
-0.009326
0.000774
-0.006613
-0.003314
-0.000690
0.003128
0.003087
0.008549
-0.006181
-0.006025
-0.007369
-0.002159
0.009739
0.001777
-0.005462
0.009153
-0.005496
0.005046
-0.004342
-0.006813
-0.007353
0.003112
-0.006359
0.009880
0.008228
0.008111
-0.005909
-0.000211
0.004201
0.008002
-0.003222
-0.008614
0.008821
0.006714
-0.003277
-0.004912
0.008440
-0.000302
0.005248
-0.001863
0.000076
-0.007402
0.002625
0.008717
0.009427
-0.004076
0.008977
0.009585
-0.008553
0.000235
0.006471
-0.005868
-0.006897
0.004930
-0.000000
0.001009
0.003137
-0.002897
-0.005560
0.004805
0.001966
0.000347
0.005463
-0.000979
-0.006435
0.000530
-0.004551
-0.002270
-0.000471
0.002142
0.002112
0.005894
-0.004250
-0.004142
-0.005073
-0.001474
0.006722
0.001212
-0.003752
0.006317
-0.003775
0.003462
-0.002979
-0.004688
-0.005063
0.002128
-0.004374
0.006823
0.005672
0.005592
-0.004060
-0.000142
0.002880
0.005512
-0.002204
-0.005942
0.006085
0.004621
-0.002244
-0.003373
0.005819
-0.000205
0.003604
-0.001272
0.000053
-0.005099
0.001795
0.006014
0.006506
-0.002796
0.006192
0.006618
-0.005897
0.000160
0.004452
-0.004031
-0.013278
0.009551
-0.000001
0.001995
0.006126
-0.005668
-0.010747
0.009314
0.003862
0.000685
0.010565
-0.001931
-0.012408
0.001044
-0.008829
-0.004454
-0.000933
0.004205
0.004150
0.011385
-0.008257
-0.008052
-0.009826
-0.002903
0.012947
0.002394
-0.007308
0.012178
-0.007354
0.006750
-0.005820
-0.009094
-0.009804
0.004182
-0.008492
0.013140
0.010962
0.010806
-0.007895
-0.000285
0.005630
0.010659
-0.004328
-0.011468
0.011743
0.008961
-0.004402
-0.006580
0.011239
-0.000404
0.007024
-0.002510
0.000102
-0.009871
0.003533
0.011606
0.012542
-0.005468
0.011947
0.012749
-0.011389
0.000316
0.008643
-0.007843
-0.007669
0.005484
-0.000000
0.001127
0.003494
-0.003228
-0.006186
0.005347
0.002188
0.000385
0.006081
-0.001091
-0.007160
0.000590
-0.005063
-0.002528
-0.000526
0.002387
0.002354
0.006560
-0.004729
-0.004611
-0.005647
-0.001643
0.007477
0.001356
-0.004179
0.007026
-0.004206
0.003856
-0.003317
-0.005220
-0.005635
0.002374
-0.004868
0.007587
0.006314
0.006221
-0.004524
-0.000159
0.003208
0.006136
-0.002460
-0.006611
0.006769
0.005141
-0.002499
-0.003757
0.006474
-0.000227
0.004012
-0.001419
0.000057
-0.005675
0.002001
0.006688
0.007238
-0.003116
0.006889
0.007361
-0.006563
0.000178
0.004957
-0.004489
-0.007380
0.005277
-0.000000
0.001081
0.003360
-0.003107
-0.005953
0.005144
0.002104
0.000371
0.005850
-0.001049
-0.006888
0.000567
-0.004872
-0.002430
-0.000504
0.002294
0.002264
0.006311
-0.004552
-0.004437
-0.005433
-0.001580
0.007193
0.001300
-0.004019
0.006760
-0.004043
0.003708
-0.003189
-0.005022
-0.005423
0.002281
-0.004685
0.007304
0.006075
0.005986
-0.004350
-0.000153
0.003087
0.005902
-0.002363
-0.006359
0.006515
0.004947
-0.002402
-0.003613
0.006229
-0.000219
0.003861
-0.001364
0.000056
-0.005459
0.001926
0.006435
0.006964
-0.002995
0.006631
0.007081
-0.006315
0.000171
0.004767
-0.004320
-0.018511
0.013386
-0.000001
0.002842
0.008643
-0.008008
-0.015034
0.013055
0.005479
0.000979
0.014782
-0.002754
-0.017314
0.001494
-0.012385
-0.006312
-0.001332
0.005963
0.005883
0.015905
-0.011599
-0.011315
-0.013761
-0.004130
0.018054
0.003410
-0.010286
0.016999
-0.010348
0.009514
-0.008219
-0.012754
-0.013733
0.005928
-0.011923
0.018316
0.015326
0.015113
-0.011101
-0.000405
0.007958
0.014911
-0.006137
-0.016023
0.016401
0.012568
-0.006239
-0.009275
0.015709
-0.000578
0.009894
-0.003572
0.000142
-0.013823
0.005019
0.016211
0.017497
-0.007730
0.016681
0.017782
-0.015915
0.000451
0.012131
-0.011025
-0.020156
0.014596
-0.000001
0.003114
0.009448
-0.008756
-0.016384
0.014241
0.005999
0.001072
0.016111
-0.003020
-0.018858
0.001637
-0.013511
-0.006907
-0.001457
0.006525
0.006440
0.017333
-0.012659
-0.012349
-0.015006
-0.004526
0.019662
0.003737
-0.011232
0.018518
-0.011299
0.010392
-0.008986
-0.013910
-0.014974
0.006488
-0.013012
0.019947
0.016702
0.016473
-0.012119
-0.000443
0.008700
0.016251
-0.006714
-0.017459
0.017868
0.013713
-0.006827
-0.010131
0.017119
-0.000635
0.010805
-0.003914
0.000158
-0.015076
0.005494
0.017662
0.019057
-0.008452
0.018174
0.019366
-0.017342
0.000494
0.013236
-0.012038
-0.002300
0.001640
-0.000000
0.000333
0.001039
-0.000960
-0.001851
0.001598
0.000650
0.000114
0.001817
-0.000324
-0.002146
0.000175
-0.001514
-0.000751
-0.000155
0.000708
0.000697
0.001964
-0.001413
-0.001374
-0.001687
-0.000486
0.002241
0.000399
-0.001244
0.002103
-0.001252
0.001148
-0.000987
-0.001559
-0.001684
0.000704
-0.001453
0.002275
0.001888
0.001863
-0.001348
-0.000048
0.000955
0.001836
-0.000729
-0.001978
0.002028
0.001537
-0.000741
-0.001118
0.001940
-0.000068
0.001196
-0.000419
0.000016
-0.001697
0.000594
0.002003
0.002168
-0.000926
0.002065
0.002206
-0.001966
0.000053
0.001479
-0.001338
0.013080
-0.009406
0.000001
-0.001963
-0.006035
0.005583
0.010588
-0.009173
-0.003802
-0.000674
-0.010406
0.001901
0.012225
-0.001030
0.008694
0.004385
0.000917
-0.004139
-0.004083
-0.011214
0.008133
0.007927
0.009676
0.002859
-0.012754
-0.002357
0.007195
-0.011999
0.007239
-0.006646
0.005731
0.008956
0.009656
-0.004116
0.008367
-0.012943
-0.010795
-0.010644
0.007777
0.000279
-0.005545
-0.010499
0.004263
0.011298
-0.011567
-0.008826
0.004333
0.006477
-0.011072
0.000398
-0.006917
0.002470
-0.000100
0.009722
-0.003479
-0.011430
-0.012354
0.005384
-0.011768
-0.012559
0.011219
-0.000311
-0.008513
0.007722
0.015162
-0.010926
0.000001
-0.002297
-0.007027
0.006505
0.012289
-0.010657
-0.004438
-0.000790
-0.012081
0.002225
0.014175
-0.001204
0.010104
0.005118
0.001073
-0.004831
-0.004767
-0.013008
0.009457
0.009222
0.011239
0.003342
-0.014788
-0.002756
0.008376
-0.013914
0.008423
-0.007740
0.006678
0.010407
0.011216
-0.004803
0.009724
-0.015005
-0.012530
-0.012355
0.009044
0.000326
-0.006463
-0.012187
0.004974
0.013105
-0.013418
-0.010257
0.005058
0.007542
-0.012847
0.000467
-0.008051
0.002887
-0.000116
0.011292
-0.004060
-0.013261
-0.014325
0.006277
-0.013649
-0.014559
0.013015
-0.000365
-0.009894
0.008982
0.005912
-0.004223
0.000000
-0.000864
-0.002684
0.002482
0.004762
-0.004114
-0.001679
-0.000296
-0.004683
0.000838
0.005515
-0.000452
0.003897
0.001943
0.000401
-0.001830
-0.001805
-0.005051
0.003639
0.003548
0.004348
0.001260
-0.005761
-0.001037
0.003212
-0.005413
0.003232
-0.002964
0.002548
0.004017
0.004337
-0.001818
0.003745
-0.005850
-0.004860
-0.004789
0.003477
0.000122
-0.002465
-0.004723
0.001886
0.005089
-0.005215
-0.003957
0.001916
0.002886
-0.004987
0.000176
-0.003086
0.001086
-0.000042
0.004367
-0.001536
-0.005152
-0.005576
0.002391
-0.005311
-0.005672
0.005054
-0.000136
-0.003813
0.003453
0.009052
-0.006482
0.000000
-0.001334
-0.004136
0.003822
0.007304
-0.006320
-0.002593
-0.000458
-0.007179
0.001293
0.008448
-0.000698
0.005986
0.002996
0.000623
-0.002827
-0.002789
-0.007743
0.005591
0.005450
0.006669
0.001947
-0.008821
-0.001604
0.004942
-0.008291
0.004971
-0.004561
0.003925
0.006165
0.006656
-0.002810
0.005755
-0.008955
-0.007453
-0.007347
0.005344
0.000189
-0.003798
-0.007242
0.002911
0.007801
-0.007993
-0.006076
0.002962
0.004444
-0.007644
0.000272
-0.004748
0.001681
-0.000070
0.006703
-0.002372
-0.007896
-0.008540
0.003684
-0.008133
-0.008683
0.007747
-0.000212
-0.005857
0.005310
0.015757
-0.011362
0.000001
-0.002391
-0.007311
0.006768
0.012774
-0.011081
-0.004621
-0.000823
-0.012558
0.002317
0.014730
-0.001254
0.010506
0.005327
0.001116
-0.005030
-0.004964
-0.013520
0.009835
0.009590
0.011685
0.003478
-0.015364
-0.002871
0.008711
-0.014459
0.008761
-0.008053
0.006950
0.010820
0.011659
-0.005000
0.010114
-0.015591
-0.013023
-0.012843
0.009406
0.000342
-0.006727
-0.012668
0.005178
0.013624
-0.013945
-0.010666
0.005267
0.007847
-0.013353
0.000485
-0.008376
0.003008
-0.000123
0.011737
-0.004229
-0.013782
-0.014884
0.006531
-0.014187
-0.015130
0.013527
-0.000380
-0.010289
0.009343
-0.000868
0.000618
-0.000000
0.000124
0.000391
-0.000363
-0.000699
0.000604
0.000246
0.000041
0.000688
-0.000121
-0.000811
0.000067
-0.000572
-0.000283
-0.000059
0.000267
0.000263
0.000740
-0.000533
-0.000519
-0.000635
-0.000184
0.000845
0.000151
-0.000469
0.000793
-0.000472
0.000432
-0.000373
-0.000588
-0.000634
0.000264
-0.000547
0.000859
0.000711
0.000701
-0.000509
-0.000017
0.000360
0.000693
-0.000275
-0.000746
0.000763
0.000579
-0.000281
-0.000420
0.000731
-0.000025
0.000448
-0.000158
0.000005
-0.000640
0.000222
0.000753
0.000818
-0.000349
0.000776
0.000831
-0.000741
0.000018
0.000558
-0.000505
-0.008528
0.006106
-0.000000
0.001255
0.003892
-0.003599
-0.006882
0.005953
0.002440
0.000430
0.006764
-0.001215
-0.007961
0.000657
-0.005635
-0.002821
-0.000586
0.002657
0.002624
0.007294
-0.005265
-0.005134
-0.006284
-0.001833
0.008313
0.001508
-0.004653
0.007812
-0.004682
0.004294
-0.003695
-0.005807
-0.006269
0.002643
-0.005420
0.008437
0.007023
0.006919
-0.005034
-0.000178
0.003575
0.006826
-0.002739
-0.007351
0.007529
0.005723
-0.002787
-0.004183
0.007202
-0.000256
0.004469
-0.001582
0.000065
-0.006314
0.002232
0.007440
0.008048
-0.003469
0.007663
0.008183
-0.007298
0.000201
0.005515
-0.004999
0.009218
-0.006604
0.000000
-0.001363
-0.004214
0.003896
0.007443
-0.006437
-0.002643
-0.000466
-0.007315
0.001316
0.008607
-0.000713
0.006097
0.003053
0.000635
-0.002881
-0.002842
-0.007888
0.005698
0.005554
0.006797
0.001986
-0.008986
-0.001637
0.005036
-0.008445
0.005066
-0.004647
0.003998
0.006283
0.006781
-0.002864
0.005863
-0.009121
-0.007592
-0.007484
0.005445
0.000193
-0.003870
-0.007381
0.002967
0.007947
-0.008141
-0.006189
0.003019
0.004530
-0.007787
0.000277
-0.004836
0.001713
-0.000071
0.006830
-0.002418
-0.008045
-0.008700
0.003757
-0.008285
-0.008849
0.007893
-0.000215
-0.005968
0.005410
-0.006866
0.004908
-0.000000
0.001004
0.003124
-0.002885
-0.005536
0.004781
0.001955
0.000345
0.005439
-0.000974
-0.006407
0.000528
-0.004531
-0.002260
-0.000468
0.002130
0.002104
0.005869
-0.004230
-0.004122
-0.005053
-0.001467
0.006692
0.001206
-0.003736
0.006288
-0.003760
0.003445
-0.002965
-0.004667
-0.005040
0.002119
-0.004354
0.006792
0.005647
0.005566
-0.004042
-0.000141
0.002866
0.005488
-0.002196
-0.005914
0.006059
0.004599
-0.002235
-0.003358
0.005791
-0.000204
0.003588
-0.001267
0.000053
-0.005075
0.001786
0.005986
0.006477
-0.002783
0.006165
0.006588
-0.005872
0.000160
0.004433
-0.004014
-0.013670
0.009839
-0.000001
0.002056
0.006314
-0.005841
-0.011069
0.009594
0.003981
0.000706
0.010882
-0.001993
-0.012776
0.001078
-0.009093
-0.004591
-0.000961
0.004335
0.004280
0.011722
-0.008506
-0.008296
-0.010123
-0.002995
0.013331
0.002471
-0.007530
0.012543
-0.007574
0.006958
-0.005999
-0.009367
-0.010098
0.004309
-0.008749
0.013531
0.011291
0.011130
-0.008136
-0.000292
0.005805
0.010980
-0.004463
-0.011809
0.012094
0.009230
-0.004541
-0.006780
0.011575
-0.000416
0.007238
-0.002587
0.000103
-0.010169
0.003646
0.011950
0.012914
-0.005636
0.012304
0.013126
-0.011728
0.000324
0.008906
-0.008081
0.020110
-0.014564
0.000001
-0.003108
-0.009424
0.008736
0.016349
-0.014209
-0.005985
-0.001069
-0.016075
0.003011
0.018818
-0.001633
0.013483
0.006892
0.001454
-0.006509
-0.006425
-0.017294
0.012629
0.012320
0.014973
0.004514
-0.019616
-0.003730
0.011207
-0.018477
0.011273
-0.010367
0.008965
0.013881
0.014941
-0.006472
0.012983
-0.019904
-0.016666
-0.016436
0.012089
0.000443
-0.008679
-0.016216
0.006699
0.017420
-0.017831
-0.013682
0.006812
0.010108
-0.017080
0.000633
-0.010776
0.003906
-0.000157
0.015040
-0.005481
-0.017625
-0.019012
0.008433
-0.018135
-0.019323
0.017302
-0.000493
-0.013208
0.012008
-0.001400
0.001001
-0.000000
0.000203
0.000634
-0.000586
-0.001129
0.000973
0.000394
0.000070
0.001109
-0.000198
-0.001310
0.000106
-0.000923
-0.000456
-0.000094
0.000430
0.000426
0.001198
-0.000861
-0.000840
-0.001030
-0.000297
0.001366
0.000244
-0.000758
0.001282
-0.000763
0.000700
-0.000601
-0.000952
-0.001026
0.000429
-0.000888
0.001387
0.001150
0.001136
-0.000824
-0.000029
0.000582
0.001119
-0.000445
-0.001208
0.001237
0.000938
-0.000452
-0.000682
0.001184
-0.000039
0.000729
-0.000256
0.000010
-0.001034
0.000362
0.001223
0.001323
-0.000565
0.001259
0.001346
-0.001199
0.000031
0.000904
-0.000818
0.008564
-0.006131
0.000000
-0.001262
-0.003908
0.003613
0.006912
-0.005977
-0.002451
-0.000431
-0.006793
0.001221
0.007997
-0.000662
0.005661
0.002832
0.000590
-0.002669
-0.002635
-0.007327
0.005290
0.005155
0.006311
0.001842
-0.008349
-0.001516
0.004673
-0.007846
0.004701
-0.004312
0.003710
0.005832
0.006296
-0.002654
0.005444
-0.008474
-0.007051
-0.006950
0.005056
0.000179
-0.003589
-0.006855
0.002751
0.007382
-0.007562
-0.005749
0.002799
0.004201
-0.007234
0.000256
-0.004490
0.001590
-0.000066
0.006340
-0.002244
-0.007472
-0.008083
0.003483
-0.007694
-0.008220
0.007330
-0.000202
-0.005541
0.005020
0.007055
-0.005043
0.000000
-0.001032
-0.003207
0.002967
0.005689
-0.004916
-0.002009
-0.000354
-0.005591
0.001001
0.006586
-0.000542
0.004656
0.002322
0.000480
-0.002190
-0.002163
-0.006032
0.004348
0.004238
0.005194
0.001509
-0.006874
-0.001241
0.003842
-0.006462
0.003863
-0.003542
0.003046
0.004799
0.005179
-0.002179
0.004477
-0.006979
-0.005804
-0.005722
0.004156
0.000147
-0.002946
-0.005642
0.002258
0.006076
-0.006227
-0.004726
0.002295
0.003451
-0.005954
0.000209
-0.003688
0.001302
-0.000054
0.005217
-0.001839
-0.006150
-0.006654
0.002859
-0.006336
-0.006768
0.006034
-0.000164
-0.004557
0.004126
0.019711
-0.014271
0.000001
-0.003042
-0.009233
0.008552
0.016023
-0.013923
-0.005859
-0.001047
-0.015756
0.002946
0.018445
-0.001598
0.013211
0.006748
0.001424
-0.006373
-0.006291
-0.016949
0.012374
0.012072
0.014670
0.004418
-0.019230
-0.003649
0.010977
-0.018114
0.011042
-0.010158
0.008778
0.013601
0.014642
-0.006339
0.012720
-0.019511
-0.016335
-0.016107
0.011846
0.000430
-0.008501
-0.015892
0.006560
0.017075
-0.017474
-0.013407
0.006671
0.009902
-0.016740
0.000619
-0.010559
0.003823
-0.000154
0.014742
-0.005368
-0.017274
-0.018638
0.008258
-0.017774
-0.018940
0.016957
-0.000483
-0.012939
0.011764
0.008981
-0.006432
0.000000
-0.001323
-0.004101
0.003792
0.007249
-0.006270
-0.002573
-0.000455
-0.007126
0.001285
0.008384
-0.000693
0.005939
0.002973
0.000618
-0.002804
-0.002768
-0.007685
0.005549
0.005410
0.006622
0.001932
-0.008755
-0.001593
0.004904
-0.008231
0.004933
-0.004527
0.003896
0.006119
0.006605
-0.002789
0.005712
-0.008886
-0.007397
-0.007289
0.005306
0.000188
-0.003768
-0.007189
0.002887
0.007743
-0.007931
-0.006030
0.002939
0.004408
-0.007585
0.000270
-0.004709
0.001670
-0.000070
0.006651
-0.002354
-0.007834
-0.008475
0.003658
-0.008070
-0.008619
0.007688
-0.000210
-0.005813
0.005270
0.004094
-0.002923
0.000000
-0.000595
-0.001853
0.001713
0.003299
-0.002848
-0.001160
-0.000204
-0.003240
0.000576
0.003821
-0.000311
0.002695
0.001339
0.000277
-0.001263
-0.001246
-0.003496
0.002518
0.002454
0.003007
0.000871
-0.003990
-0.000713
0.002221
-0.003747
0.002235
-0.002048
0.001759
0.002778
0.003002
-0.001256
0.002591
-0.004051
-0.003365
-0.003316
0.002404
0.000085
-0.001702
-0.003269
0.001301
0.003525
-0.003612
-0.002735
0.001323
0.001995
-0.003453
0.000121
-0.002134
0.000750
-0.000030
0.003021
-0.001059
-0.003567
-0.003862
0.001651
-0.003677
-0.003929
0.003498
-0.000095
-0.002636
0.002389
-0.000076
0.000053
0.000000
0.000011
0.000033
-0.000031
-0.000060
0.000053
0.000020
0.000002
0.000060
-0.000010
-0.000073
0.000004
-0.000048
-0.000023
-0.000003
0.000022
0.000022
0.000065
-0.000045
-0.000044
-0.000056
-0.000015
0.000074
0.000012
-0.000039
0.000070
-0.000039
0.000037
-0.000032
-0.000050
-0.000056
0.000022
-0.000046
0.000075
0.000062
0.000061
-0.000043
-0.000001
0.000031
0.000060
-0.000023
-0.000065
0.000066
0.000050
-0.000023
-0.000035
0.000065
-0.000001
0.000038
-0.000012
0.000000
-0.000057
0.000018
0.000065
0.000073
-0.000030
0.000069
0.000073
-0.000065
0.000001
0.000047
-0.000042
-0.010104
0.007243
-0.000001
0.001496
0.004626
-0.004278
-0.008160
0.007062
0.002906
0.000514
0.008022
-0.001450
-0.009434
0.000784
-0.006689
-0.003356
-0.000698
0.003164
0.003125
0.008650
-0.006254
-0.006097
-0.007453
-0.002183
0.009848
0.001797
-0.005528
0.009259
-0.005562
0.005102
-0.004395
-0.006892
-0.007437
0.003146
-0.006433
0.009995
0.008324
0.008207
-0.005978
-0.000212
0.004251
0.008093
-0.003261
-0.008714
0.008926
0.006792
-0.003314
-0.004971
0.008539
-0.000303
0.005311
-0.001885
0.000077
-0.007489
0.002656
0.008818
0.009537
-0.004127
0.009082
0.009697
-0.008653
0.000239
0.006549
-0.005936
0.000388
-0.000278
-0.000000
-0.000057
-0.000176
0.000162
0.000315
-0.000272
-0.000110
-0.000018
-0.000308
0.000055
0.000361
-0.000029
0.000255
0.000126
0.000025
-0.000120
-0.000118
-0.000332
0.000236
0.000233
0.000286
0.000082
-0.000379
-0.000069
0.000212
-0.000356
0.000213
-0.000195
0.000168
0.000264
0.000285
-0.000120
0.000247
-0.000385
-0.000319
-0.000316
0.000227
0.000007
-0.000161
-0.000310
0.000124
0.000335
-0.000343
-0.000261
0.000125
0.000190
-0.000326
0.000011
-0.000202
0.000072
-0.000002
0.000287
-0.000099
-0.000339
-0.000367
0.000156
-0.000349
-0.000375
0.000332
-0.000009
-0.000251
0.000227
-0.006662
0.004763
-0.000000
0.000974
0.003030
-0.002800
-0.005372
0.004641
0.001896
0.000334
0.005278
-0.000944
-0.006218
0.000511
-0.004395
-0.002192
-0.000454
0.002067
0.002039
0.005696
-0.004105
-0.004001
-0.004903
-0.001423
0.006494
0.001172
-0.003625
0.006103
-0.003649
0.003344
-0.002875
-0.004531
-0.004894
0.002056
-0.004226
0.006594
0.005480
0.005402
-0.003922
-0.000138
0.002782
0.005329
-0.002130
-0.005741
0.005879
0.004462
-0.002167
-0.003259
0.005621
-0.000200
0.003483
-0.001228
0.000050
-0.004925
0.001732
0.005808
0.006288
-0.002699
0.005984
0.006391
-0.005699
0.000155
0.004302
-0.003897
0.008363
-0.005987
0.000000
-0.001231
-0.003817
0.003527
0.006748
-0.005836
-0.002392
-0.000421
-0.006636
0.001192
0.007807
-0.000645
0.005526
0.002763
0.000574
-0.002606
-0.002572
-0.007155
0.005163
0.005034
0.006161
0.001795
-0.008152
-0.001481
0.004564
-0.007662
0.004591
-0.004212
0.003622
0.005695
0.006147
-0.002591
0.005315
-0.008277
-0.006885
-0.006786
0.004935
0.000174
-0.003504
-0.006691
0.002684
0.007208
-0.007385
-0.005612
0.002731
0.004098
-0.007063
0.000250
-0.004383
0.001551
-0.000064
0.006190
-0.002189
-0.007295
-0.007893
0.003400
-0.007516
-0.008026
0.007157
-0.000196
-0.005410
0.004903
-0.015014
0.010817
-0.000001
0.002273
0.006955
-0.006438
-0.012166
0.010552
0.004391
0.000782
0.011960
-0.002203
-0.014033
0.001193
-0.010002
-0.005065
-0.001061
0.004783
0.004717
0.012881
-0.009359
-0.009128
-0.011125
-0.003304
0.014640
0.002725
-0.008291
0.013776
-0.008339
0.007661
-0.006612
-0.010302
-0.011102
0.004754
-0.009624
0.014855
0.012407
0.012231
-0.008953
-0.000323
0.006396
0.012067
-0.004920
-0.012976
0.013287
0.010152
-0.005004
-0.007467
0.012719
-0.000461
0.007968
-0.002859
0.000116
-0.011177
0.004018
0.013130
0.014184
-0.006210
0.013516
0.014415
-0.012886
0.000361
0.009795
-0.008892
-0.008807
0.006306
-0.000000
0.001297
0.004020
-0.003717
-0.007107
0.006144
0.002521
0.000447
0.006985
-0.001257
-0.008223
0.000681
-0.005821
-0.002913
-0.000606
0.002748
0.002713
0.007533
-0.005441
-0.005305
-0.006490
-0.001893
0.008584
0.001559
-0.004807
0.008067
-0.004837
0.004436
-0.003819
-0.006000
-0.006476
0.002734
-0.005598
0.008714
0.007251
0.007148
-0.005200
-0.000184
0.003693
0.007049
-0.002831
-0.007592
0.007776
0.005911
-0.002880
-0.004321
0.007439
-0.000264
0.004621
-0.001636
0.000068
-0.006520
0.002306
0.007682
0.008312
-0.003584
0.007912
0.008450
-0.007538
0.000207
0.005699
-0.005167
0.004558
-0.003250
0.000000
-0.000662
-0.002063
0.001908
0.003669
-0.003168
-0.001289
-0.000229
-0.003605
0.000643
0.004251
-0.000348
0.003000
0.001492
0.000307
-0.001408
-0.001388
-0.003892
0.002800
0.002728
0.003348
0.000966
-0.004441
-0.000799
0.002473
-0.004169
0.002486
-0.002281
0.001959
0.003093
0.003339
-0.001398
0.002884
-0.004506
-0.003744
-0.003691
0.002677
0.000094
-0.001895
-0.003639
0.001451
0.003922
-0.004019
-0.003046
0.001474
0.002220
-0.003841
0.000132
-0.002375
0.000836
-0.000033
0.003362
-0.001179
-0.003969
-0.004298
0.001837
-0.004089
-0.004370
0.003894
-0.000106
-0.002935
0.002655
-0.010697
0.007674
-0.000001
0.001588
0.004904
-0.004537
-0.008645
0.007484
0.003084
0.000546
0.008494
-0.001542
-0.009989
0.000831
-0.007085
-0.003559
-0.000741
0.003358
0.003312
0.009159
-0.006627
-0.006459
-0.007896
-0.002316
0.010426
0.001908
-0.005859
0.009807
-0.005896
0.005408
-0.004659
-0.007303
-0.007878
0.003339
-0.006819
0.010583
0.008817
0.008691
-0.006335
-0.000225
0.004508
0.008573
-0.003457
-0.009226
0.009451
0.007195
-0.003518
-0.005272
0.009042
-0.000321
0.005629
-0.002001
0.000082
-0.007932
0.002821
0.009339
0.010099
-0.004375
0.009617
0.010267
-0.009162
0.000251
0.006938
-0.006291
0.002799
-0.001996
0.000000
-0.000406
-0.001266
0.001171
0.002255
-0.001945
-0.000792
-0.000138
-0.002216
0.000390
0.002614
-0.000212
0.001842
0.000916
0.000190
-0.000862
-0.000851
-0.002391
0.001720
0.001676
0.002058
0.000592
-0.002729
-0.000487
0.001519
-0.002563
0.001527
-0.001399
0.001204
0.001898
0.002052
-0.000858
0.001770
-0.002773
-0.002301
-0.002268
0.001643
0.000057
-0.001162
-0.002235
0.000890
0.002409
-0.002469
-0.001868
0.000905
0.001361
-0.002362
0.000083
-0.001457
0.000510
-0.000020
0.002066
-0.000722
-0.002440
-0.002641
0.001127
-0.002512
-0.002685
0.002392
-0.000066
-0.001802
0.001630
-0.002210
0.001577
-0.000000
0.000321
0.001000
-0.000923
-0.001779
0.001537
0.000624
0.000110
0.001750
-0.000309
-0.002063
0.000167
-0.001452
-0.000721
-0.000149
0.000678
0.000671
0.001887
-0.001357
-0.001322
-0.001624
-0.000466
0.002152
0.000383
-0.001197
0.002022
-0.001205
0.001102
-0.000949
-0.001499
-0.001620
0.000676
-0.001396
0.002188
0.001814
0.001789
-0.001296
-0.000045
0.000918
0.001765
-0.000699
-0.001900
0.001949
0.001475
-0.000712
-0.001075
0.001863
-0.000067
0.001149
-0.000403
0.000015
-0.001631
0.000569
0.001927
0.002083
-0.000892
0.001982
0.002119
-0.001888
0.000052
0.001422
-0.001287
-0.017449
0.012606
-0.000001
0.002668
0.008132
-0.007530
-0.014163
0.012295
0.005148
0.000920
0.013925
-0.002586
-0.016320
0.001400
-0.011662
-0.005933
-0.001247
0.005601
0.005526
0.014987
-0.010920
-0.010649
-0.012963
-0.003880
0.017021
0.003201
-0.009678
0.016022
-0.009737
0.008951
-0.007729
-0.012009
-0.012933
0.005570
-0.011228
0.017269
0.014441
0.014238
-0.010447
-0.000380
0.007485
0.014049
-0.005765
-0.015102
0.015457
0.011836
-0.005862
-0.008724
0.014804
-0.000542
0.009306
-0.003354
0.000135
-0.013023
0.004712
0.015277
0.016494
-0.007267
0.015723
0.016762
-0.014997
0.000423
0.011423
-0.010377
0.008405
-0.006018
0.000000
-0.001237
-0.003836
0.003543
0.006783
-0.005864
-0.002405
-0.000424
-0.006665
0.001197
0.007847
-0.000648
0.005553
0.002780
0.000577
-0.002620
-0.002584
-0.007190
0.005190
0.005059
0.006191
0.001803
-0.008194
-0.001486
0.004587
-0.007700
0.004611
-0.004230
0.003641
0.005725
0.006177
-0.002605
0.005342
-0.008318
-0.006920
-0.006822
0.004961
0.000176
-0.003523
-0.006729
0.002700
0.007243
-0.007421
-0.005639
0.002745
0.004122
-0.007098
0.000252
-0.004404
0.001557
-0.000064
0.006222
-0.002199
-0.007334
-0.007931
0.003417
-0.007553
-0.008065
0.007193
-0.000198
-0.005437
0.004926
0.017961
-0.012981
0.000001
-0.002750
-0.008380
0.007762
0.014583
-0.012663
-0.005309
-0.000948
-0.014337
0.002664
0.016799
-0.001444
0.012010
0.006115
0.001287
-0.005772
-0.005700
-0.015433
0.011248
0.010968
0.013349
0.004000
-0.017518
-0.003302
0.009969
-0.016493
0.010030
-0.009221
0.007965
0.012368
0.013318
-0.005743
0.011562
-0.017774
-0.014868
-0.014660
0.010760
0.000391
-0.007711
-0.014464
0.005946
0.015544
-0.015911
-0.012188
0.006047
0.008989
-0.015238
0.000559
-0.009589
0.003460
-0.000140
0.013411
-0.004860
-0.015728
-0.016976
0.007491
-0.016186
-0.017255
0.015440
-0.000437
-0.011763
0.010690
0.011950
-0.008583
0.000001
-0.001785
-0.005495
0.005085
0.009663
-0.008371
-0.003459
-0.000613
-0.009500
0.001729
0.011164
-0.000936
0.007930
0.003992
0.000834
-0.003767
-0.003717
-0.010237
0.007416
0.007232
0.008830
0.002599
-0.011649
-0.002143
0.006561
-0.010956
0.006601
-0.006058
0.005222
0.008171
0.008813
-0.003745
0.007630
-0.011825
-0.009859
-0.009716
0.007091
0.000253
-0.005052
-0.009585
0.003880
0.010316
-0.010564
-0.008052
0.003945
0.005904
-0.010110
0.000362
-0.006306
0.002247
-0.000091
0.008873
-0.003164
-0.010440
-0.011285
0.004904
-0.010749
-0.011473
0.010243
-0.000285
-0.007765
0.007042
-0.002550
0.001815
-0.000000
0.000369
0.001152
-0.001064
-0.002052
0.001770
0.000719
0.000126
0.002016
-0.000359
-0.002378
0.000195
-0.001676
-0.000831
-0.000173
0.000783
0.000773
0.002175
-0.001566
-0.001525
-0.001868
-0.000541
0.002483
0.000443
-0.001381
0.002333
-0.001389
0.001272
-0.001092
-0.001728
-0.001865
0.000780
-0.001612
0.002520
0.002093
0.002063
-0.001495
-0.000053
0.001056
0.002035
-0.000809
-0.002194
0.002247
0.001700
-0.000822
-0.001237
0.002146
-0.000076
0.001325
-0.000465
0.000019
-0.001880
0.000658
0.002219
0.002401
-0.001025
0.002287
0.002444
-0.002175
0.000059
0.001639
-0.001484
0.007501
-0.005364
0.000000
-0.001100
-0.003414
0.003156
0.006051
-0.005231
-0.002140
-0.000378
-0.005948
0.001066
0.007002
-0.000577
0.004951
0.002474
0.000513
-0.002332
-0.002300
-0.006415
0.004626
0.004511
0.005523
0.001607
-0.007314
-0.001321
0.004085
-0.006872
0.004113
-0.003770
0.003244
0.005104
0.005509
-0.002320
0.004760
-0.007422
-0.006172
-0.006085
0.004422
0.000157
-0.003137
-0.006000
0.002402
0.006463
-0.006623
-0.005027
0.002443
0.003672
-0.006334
0.000222
-0.003926
0.001387
-0.000056
0.005548
-0.001957
-0.006543
-0.007078
0.003044
-0.006739
-0.007199
0.006417
-0.000175
-0.004846
0.004391
-0.019502
0.014116
-0.000001
0.003006
0.009130
-0.008457
-0.015848
0.013770
0.005792
0.001033
0.015585
-0.002915
-0.018244
0.001578
-0.013064
-0.006670
-0.001405
0.006299
0.006219
0.016766
-0.012240
-0.011937
-0.014513
-0.004368
0.019024
0.003608
-0.010856
0.017916
-0.010921
0.010042
-0.008679
-0.013453
-0.014480
0.006264
-0.012580
0.019300
0.016156
0.015933
-0.011715
-0.000426
0.008405
0.015722
-0.006486
-0.016890
0.017287
0.013257
-0.006591
-0.009792
0.016559
-0.000613
0.010441
-0.003777
0.000153
-0.014578
0.005307
0.017088
0.018437
-0.008164
0.017584
0.018737
-0.016773
0.000479
0.012798
-0.011634
-0.010165
0.007287
-0.000001
0.001506
0.004654
-0.004304
-0.008213
0.007105
0.002924
0.000517
0.008072
-0.001461
-0.009494
0.000791
-0.006732
-0.003376
-0.000703
0.003186
0.003143
0.008701
-0.006292
-0.006135
-0.007501
-0.002198
0.009909
0.001809
-0.005562
0.009314
-0.005597
0.005135
-0.004421
-0.006935
-0.007485
0.003166
-0.006474
0.010058
0.008378
0.008258
-0.006015
-0.000215
0.004277
0.008144
-0.003280
-0.008769
0.008980
0.006835
-0.003337
-0.005002
0.008590
-0.000307
0.005344
-0.001896
0.000077
-0.007536
0.002675
0.008874
0.009596
-0.004152
0.009138
0.009758
-0.008705
0.000241
0.006592
-0.005975
0.007876
-0.005635
0.000000
-0.001157
-0.003590
0.003317
0.006354
-0.005492
-0.002252
-0.000395
-0.006243
0.001122
0.007353
-0.000606
0.005203
0.002598
0.000539
-0.002452
-0.002419
-0.006738
0.004860
0.004737
0.005798
0.001688
-0.007677
-0.001390
0.004293
-0.007214
0.004319
-0.003961
0.003407
0.005361
0.005786
-0.002438
0.005000
-0.007792
-0.006482
-0.006390
0.004643
0.000165
-0.003294
-0.006300
0.002524
0.006788
-0.006952
-0.005279
0.002569
0.003859
-0.006651
0.000236
-0.004123
0.001458
-0.000059
0.005829
-0.002057
-0.006870
-0.007433
0.003198
-0.007075
-0.007556
0.006740
-0.000183
-0.005091
0.004612
-0.002131
0.001522
-0.000000
0.000307
0.000964
-0.000892
-0.001716
0.001481
0.000602
0.000106
0.001687
-0.000299
-0.001990
0.000162
-0.001401
-0.000695
-0.000144
0.000657
0.000648
0.001819
-0.001309
-0.001273
-0.001565
-0.000451
0.002078
0.000371
-0.001155
0.001953
-0.001163
0.001065
-0.000916
-0.001446
-0.001562
0.000653
-0.001347
0.002109
0.001753
0.001729
-0.001248
-0.000042
0.000884
0.001703
-0.000676
-0.001835
0.001879
0.001424
-0.000688
-0.001037
0.001797
-0.000064
0.001107
-0.000387
0.000015
-0.001575
0.000550
0.001857
0.002011
-0.000859
0.001914
0.002047
-0.001819
0.000051
0.001372
-0.001242
-0.012222
0.008784
-0.000001
0.001826
0.005625
-0.005204
-0.009886
0.008564
0.003542
0.000627
0.009719
-0.001771
-0.011421
0.000957
-0.008115
-0.004086
-0.000855
0.003859
0.003807
0.010474
-0.007588
-0.007400
-0.009036
-0.002661
0.011918
0.002195
-0.006716
0.011210
-0.006754
0.006200
-0.005343
-0.008363
-0.009016
0.003837
-0.007807
0.012096
0.010086
0.009942
-0.007258
-0.000261
0.005171
0.009808
-0.003970
-0.010551
0.010807
0.008238
-0.004039
-0.006042
0.010342
-0.000371
0.006452
-0.002299
0.000093
-0.009080
0.003240
0.010677
0.011544
-0.005019
0.010996
0.011733
-0.010478
0.000289
0.007945
-0.007206
-0.004810
0.003433
-0.000000
0.000698
0.002181
-0.002014
-0.003875
0.003346
0.001364
0.000241
0.003808
-0.000677
-0.004486
0.000366
-0.003169
-0.001575
-0.000327
0.001487
0.001466
0.004107
-0.002957
-0.002884
-0.003534
-0.001020
0.004686
0.000842
-0.002609
0.004401
-0.002628
0.002408
-0.002069
-0.003264
-0.003527
0.001477
-0.003044
0.004757
0.003954
0.003896
-0.002826
-0.000098
0.002001
0.003841
-0.001530
-0.004139
0.004240
0.003216
-0.001557
-0.002343
0.004057
-0.000140
0.002507
-0.000882
0.000034
-0.003551
0.001245
0.004190
0.004537
-0.001941
0.004319
0.004615
-0.004111
0.000111
0.003100
-0.002806
-0.006541
0.004675
-0.000000
0.000958
0.002974
-0.002747
-0.005272
0.004558
0.001862
0.000328
0.005182
-0.000927
-0.006106
0.000500
-0.004314
-0.002152
-0.000446
0.002028
0.002000
0.005592
-0.004029
-0.003926
-0.004811
-0.001396
0.006374
0.001149
-0.003558
0.005990
-0.003581
0.003281
-0.002822
-0.004446
-0.004801
0.002016
-0.004147
0.006472
0.005379
0.005304
-0.003851
-0.000134
0.002728
0.005231
-0.002091
-0.005635
0.005771
0.004379
-0.002127
-0.003196
0.005518
-0.000197
0.003417
-0.001203
0.000048
-0.004835
0.001702
0.005704
0.006169
-0.002649
0.005873
0.006277
-0.005594
0.000151
0.004223
-0.003824
0.010058
-0.007210
0.000000
-0.001491
-0.004603
0.004258
0.008125
-0.007030
-0.002891
-0.000510
-0.007983
0.001446
0.009391
-0.000781
0.006657
0.003340
0.000695
-0.003150
-0.003111
-0.008607
0.006224
0.006066
0.007419
0.002173
-0.009804
-0.001789
0.005501
-0.009216
0.005535
-0.005080
0.004371
0.006863
0.007402
-0.003132
0.006403
-0.009948
-0.008285
-0.008169
0.005951
0.000212
-0.004231
-0.008057
0.003244
0.008675
-0.008884
-0.006759
0.003301
0.004949
-0.008499
0.000303
-0.005288
0.001875
-0.000076
0.007454
-0.002644
-0.008779
-0.009495
0.004105
-0.009041
-0.009650
0.008611
-0.000238
-0.006518
0.005909
-0.010327
0.007405
-0.000001
0.001531
0.004730
-0.004372
-0.008342
0.007218
0.002972
0.000525
0.008196
-0.001483
-0.009641
0.000803
-0.006838
-0.003432
-0.000714
0.003237
0.003196
0.008838
-0.006392
-0.006230
-0.007617
-0.002233
0.010065
0.001840
-0.005653
0.009464
-0.005686
0.005218
-0.004495
-0.007046
-0.007601
0.003219
-0.006578
0.010215
0.008507
0.008387
-0.006111
-0.000217
0.004344
0.008275
-0.003334
-0.008907
0.009121
0.006942
-0.003390
-0.005083
0.008726
-0.000311
0.005428
-0.001929
0.000078
-0.007655
0.002718
0.009013
0.009749
-0.004218
0.009282
0.009909
-0.008842
0.000243
0.006694
-0.006069
0.002817
-0.002007
0.000000
-0.000407
-0.001273
0.001178
0.002268
-0.001956
-0.000796
-0.000139
-0.002227
0.000392
0.002628
-0.000214
0.001853
0.000921
0.000190
-0.000867
-0.000856
-0.002405
0.001729
0.001685
0.002068
0.000597
-0.002744
-0.000489
0.001526
-0.002578
0.001536
-0.001408
0.001210
0.001910
0.002064
-0.000862
0.001779
-0.002786
-0.002313
-0.002279
0.001652
0.000058
-0.001169
-0.002251
0.000896
0.002425
-0.002482
-0.001880
0.000910
0.001369
-0.002374
0.000085
-0.001463
0.000514
-0.000021
0.002077
-0.000726
-0.002453
-0.002656
0.001134
-0.002529
-0.002700
0.002405
-0.000067
-0.001813
0.001640
-0.012171
0.008743
-0.000001
0.001818
0.005600
-0.005181
-0.009845
0.008526
0.003527
0.000624
0.009676
-0.001763
-0.011368
0.000954
-0.008080
-0.004068
-0.000852
0.003840
0.003789
0.010429
-0.007554
-0.007366
-0.008997
-0.002649
0.011864
0.002184
-0.006683
0.011161
-0.006725
0.006174
-0.005319
-0.008323
-0.008976
0.003817
-0.007773
0.012042
0.010038
0.009896
-0.007224
-0.000260
0.005149
0.009763
-0.003954
-0.010507
0.010757
0.008200
-0.004021
-0.006016
0.010296
-0.000369
0.006422
-0.002287
0.000093
-0.009039
0.003226
0.010632
0.011493
-0.004998
0.010948
0.011684
-0.010434
0.000288
0.007910
-0.007175
-0.018022
0.013024
-0.000001
0.002760
0.008408
-0.007788
-0.014629
0.012705
0.005328
0.000951
0.014388
-0.002677
-0.016856
0.001451
-0.012052
-0.006137
-0.001292
0.005794
0.005721
0.015483
-0.011284
-0.011008
-0.013393
-0.004014
0.017577
0.003314
-0.010005
0.016550
-0.010066
0.009254
-0.007993
-0.012408
-0.013366
0.005762
-0.011601
0.017834
0.014917
0.014709
-0.010801
-0.000393
0.007738
0.014512
-0.005967
-0.015597
0.015965
0.012231
-0.006066
-0.009021
0.015289
-0.000563
0.009622
-0.003471
0.000140
-0.013456
0.004879
0.015783
0.017034
-0.007518
0.016239
0.017312
-0.015489
0.000439
0.011803
-0.010727
0.013871
-0.009982
0.000001
-0.002088
-0.006407
0.005930
0.011233
-0.009735
-0.004042
-0.000717
-0.011042
0.002024
0.012963
-0.001095
0.009227
0.004661
0.000975
-0.004402
-0.004342
-0.011895
0.008632
0.008417
0.010269
0.003040
-0.013527
-0.002508
0.007642
-0.012723
0.007688
-0.007061
0.006090
0.009508
0.010247
-0.004375
0.008879
-0.013727
-0.011455
-0.011294
0.008257
0.000298
-0.005893
-0.011139
0.004533
0.011983
-0.012270
-0.009365
0.004609
0.006880
-0.011744
0.000425
-0.007345
0.002629
-0.000105
0.010318
-0.003697
-0.012127
-0.013101
0.005720
-0.012482
-0.013319
0.011900
-0.000333
-0.009034
0.008200
-0.007743
0.005537
-0.000000
0.001138
0.003526
-0.003260
-0.006244
0.005399
0.002212
0.000388
0.006137
-0.001101
-0.007227
0.000596
-0.005113
-0.002553
-0.000532
0.002410
0.002378
0.006622
-0.004776
-0.004656
-0.005701
-0.001659
0.007546
0.001367
-0.004218
0.007091
-0.004245
0.003894
-0.003349
-0.005267
-0.005690
0.002394
-0.004916
0.007660
0.006372
0.006279
-0.004566
-0.000162
0.003239
0.006192
-0.002481
-0.006670
0.006834
0.005192
-0.002523
-0.003792
0.006536
-0.000230
0.004051
-0.001434
0.000058
-0.005730
0.002021
0.006752
0.007306
-0.003143
0.006955
0.007428
-0.006626
0.000180
0.005003
-0.004535
-0.011200
0.008038
-0.000001
0.001668
0.005143
-0.004755
-0.009053
0.007836
0.003233
0.000572
0.008899
-0.001615
-0.010462
0.000875
-0.007426
-0.003732
-0.000777
0.003523
0.003475
0.009591
-0.006940
-0.006768
-0.008271
-0.002430
0.010919
0.002003
-0.006139
0.010266
-0.006177
0.005669
-0.004881
-0.007651
-0.008252
0.003501
-0.007143
0.011082
0.009232
0.009103
-0.006636
-0.000238
0.004724
0.008979
-0.003628
-0.009663
0.009894
0.007537
-0.003689
-0.005523
0.009469
-0.000339
0.005899
-0.002099
0.000085
-0.008310
0.002958
0.009783
0.010574
-0.004586
0.010072
0.010748
-0.009596
0.000265
0.007269
-0.006593
-0.007489
0.005355
-0.000000
0.001098
0.003409
-0.003150
-0.006040
0.005221
0.002136
0.000378
0.005936
-0.001064
-0.006988
0.000575
-0.004944
-0.002468
-0.000512
0.002328
0.002296
0.006401
-0.004618
-0.004502
-0.005512
-0.001603
0.007299
0.001317
-0.004078
0.006858
-0.004103
0.003763
-0.003238
-0.005095
-0.005500
0.002316
-0.004753
0.007407
0.006162
0.006074
-0.004413
-0.000157
0.003132
0.005990
-0.002397
-0.006452
0.006610
0.005019
-0.002440
-0.003667
0.006321
-0.000222
0.003916
-0.001384
0.000056
-0.005537
0.001953
0.006528
0.007065
-0.003038
0.006727
0.007184
-0.006404
0.000175
0.004837
-0.004382
0.003815
-0.002721
0.000000
-0.000554
-0.001727
0.001594
0.003070
-0.002651
-0.001077
-0.000191
-0.003017
0.000538
0.003559
-0.000290
0.002510
0.001247
0.000258
-0.001179
-0.001161
-0.003257
0.002344
0.002286
0.002802
0.000809
-0.003719
-0.000665
0.002068
-0.003492
0.002082
-0.001907
0.001639
0.002588
0.002797
-0.001169
0.002413
-0.003773
-0.003134
-0.003089
0.002239
0.000079
-0.001587
-0.003046
0.001210
0.003282
-0.003362
-0.002549
0.001233
0.001856
-0.003218
0.000113
-0.001985
0.000698
-0.000028
0.002816
-0.000986
-0.003323
-0.003596
0.001538
-0.003424
-0.003659
0.003257
-0.000088
-0.002458
0.002224
0.006030
-0.004309
0.000000
-0.000881
-0.002738
0.002532
0.004859
-0.004200
-0.001712
-0.000302
-0.004775
0.000853
0.005627
-0.000460
0.003972
0.001981
0.000409
-0.001868
-0.001843
-0.005153
0.003713
0.003619
0.004435
0.001283
-0.005876
-0.001058
0.003276
-0.005519
0.003297
-0.003025
0.002598
0.004095
0.004424
-0.001857
0.003821
-0.005964
-0.004958
-0.004886
0.003547
0.000124
-0.002512
-0.004819
0.001925
0.005191
-0.005321
-0.004036
0.001956
0.002945
-0.005086
0.000179
-0.003149
0.001109
-0.000043
0.004454
-0.001566
-0.005256
-0.005689
0.002439
-0.005414
-0.005783
0.005155
-0.000139
-0.003892
0.003524
0.007967
-0.005700
0.000000
-0.001171
-0.003631
0.003356
0.006426
-0.005557
-0.002277
-0.000399
-0.006315
0.001136
0.007437
-0.000613
0.005261
0.002628
0.000547
-0.002481
-0.002446
-0.006814
0.004916
0.004790
0.005865
0.001707
-0.007766
-0.001405
0.004342
-0.007296
0.004369
-0.004006
0.003447
0.005423
0.005854
-0.002466
0.005059
-0.007882
-0.006557
-0.006462
0.004697
0.000166
-0.003336
-0.006374
0.002553
0.006865
-0.007033
-0.005342
0.002596
0.003902
-0.006727
0.000238
-0.004171
0.001474
-0.000059
0.005893
-0.002082
-0.006948
-0.007517
0.003236
-0.007157
-0.007645
0.006817
-0.000185
-0.005150
0.004666
0.000991
-0.000705
0.000000
-0.000142
-0.000444
0.000412
0.000798
-0.000689
-0.000280
-0.000051
-0.000782
0.000138
0.000923
-0.000076
0.000649
0.000323
0.000068
-0.000305
-0.000301
-0.000845
0.000608
0.000593
0.000728
0.000209
-0.000965
-0.000172
0.000537
-0.000907
0.000539
-0.000493
0.000425
0.000671
0.000723
-0.000304
0.000626
-0.000980
-0.000813
-0.000801
0.000582
0.000019
-0.000409
-0.000789
0.000314
0.000852
-0.000874
-0.000662
0.000318
0.000479
-0.000834
0.000029
-0.000514
0.000181
-0.000007
0.000731
-0.000257
-0.000864
-0.000936
0.000397
-0.000888
-0.000952
0.000845
-0.000022
-0.000637
0.000576
0.014586
-0.010506
0.000001
-0.002204
-0.006750
0.006247
0.011817
-0.010247
-0.004261
-0.000756
-0.011619
0.002135
0.013635
-0.001156
0.009713
0.004912
0.001030
-0.004640
-0.004578
-0.012512
0.009090
0.008861
0.010806
0.003204
-0.014223
-0.002645
0.008049
-0.013383
0.008095
-0.007438
0.006415
0.010004
0.010783
-0.004612
0.009346
-0.014435
-0.012051
-0.011883
0.008693
0.000313
-0.006206
-0.011720
0.004776
0.012605
-0.012909
-0.009860
0.004858
0.007248
-0.012355
0.000447
-0.007737
0.002772
-0.000112
0.010857
-0.003900
-0.012755
-0.013779
0.006030
-0.013130
-0.014007
0.012518
-0.000349
-0.009513
0.008633
-0.500138
1.170205
-0.314555
-0.146730
0.256609
-0.503307
0.048307
-0.038966
-0.027104
-0.051387
-0.030094
-0.028979
-0.070893
-0.077040
-0.009106
0.050645
0.058427
0.023284
0.035387
0.060634
-0.003437
-0.033393
0.036034
-0.026986
-0.052861
0.076873
-0.005559
0.033532
0.027719
0.075390
0.035127
0.016182
-0.000296
-0.039406
0.001543
-0.026203
0.032763
-0.057868
-0.034460
0.017988
-0.041659
0.011086
-0.008753
-0.066949
0.032920
0.068850
0.046395
-0.010088
0.029445
-0.074595
-0.039641
0.030887
-0.008447
-0.047424
-0.018984
-0.025729
0.039230
-0.040249
0.011149
-0.047225
-0.069075
0.053604
-0.030369
-0.043560
-0.029391
0.015078
0.023741
0.031234
0.003925
0.056280
-0.110482
0.088871
0.061636
0.117648
0.068482
0.065926
0.163442
0.178028
0.020657
-0.115918
-0.134087
-0.052910
-0.080631
-0.139261
0.007795
0.076043
-0.082121
0.061361
0.121080
-0.177634
0.012605
-0.076370
-0.063040
-0.174104
-0.080030
-0.036728
0.000671
0.089883
-0.003493
0.059574
-0.074601
0.132777
0.078496
-0.040839
0.095088
-0.025146
0.019853
0.154120
-0.074967
-0.158614
-0.106045
0.022882
-0.066994
0.172224
0.090430
-0.070299
0.019158
0.108432
0.043106
0.058491
-0.089477
0.091825
-0.025286
0.107968
0.159139
-0.122814
0.069115
0.099479
0.066868
-0.034216
-0.053952
-0.071095
-0.008899
-0.129059
0.000609
-0.000086
0.000224
-0.000842
0.000177
0.000199
-0.003099
-0.004109
0.000158
0.000780
0.001496
-0.000251
-0.000047
0.001737
0.000063
0.000104
-0.000024
0.000226
-0.000963
0.004080
0.000101
-0.000098
-0.000216
0.003824
-0.000055
-0.000237
0.000007
-0.000103
-0.000030
0.000235
-0.000119
-0.001435
0.000074
-0.000250
-0.000208
-0.000185
0.000154
-0.002528
-0.000116
0.002797
0.000478
0.000171
-0.000190
-0.003689
-0.000114
-0.000164
0.000145
-0.000543
0.000250
0.000239
0.000098
-0.000141
-0.000187
-0.000531
-0.002826
0.001029
0.000173
-0.000308
0.000191
-0.000230
-0.000253
-0.000156
-0.000072
0.001277
0.018487
-0.014918
-0.010381
-0.019662
-0.011524
-0.011096
-0.027100
-0.029437
-0.003488
0.019382
0.022350
0.008918
0.013548
0.023193
-0.001315
-0.012786
0.013797
-0.010334
-0.020228
0.029374
-0.002128
0.012839
0.010617
0.028809
0.013450
0.006195
-0.000114
-0.015086
0.000589
-0.010035
0.012545
-0.022137
-0.013195
0.006890
-0.015948
0.004248
-0.003352
-0.025598
0.012607
0.026323
0.017759
-0.003865
0.011273
-0.028507
-0.015177
0.011826
-0.003236
-0.018151
-0.007272
-0.009854
0.015021
-0.015407
0.004270
-0.018073
-0.026407
0.020510
-0.011631
-0.016673
-0.011256
0.005776
0.009094
0.011961
0.001503
0.021532
0.003226
-0.002891
-0.002205
-0.003289
-0.002402
-0.002331
-0.003083
-0.002770
-0.000797
0.003278
0.003344
0.001936
0.002713
0.003330
-0.000302
-0.002602
0.002746
-0.002198
-0.003314
0.002779
-0.000488
0.002609
0.002247
0.002865
0.002700
0.001387
-0.000029
-0.002911
0.000139
-0.002145
0.002564
-0.003345
-0.002661
0.001533
-0.003006
0.000964
-0.000765
-0.003218
0.002573
0.003157
0.003177
-0.000880
0.002361
-0.002910
-0.002923
0.002452
-0.000738
-0.003205
-0.001608
-0.002112
0.002901
-0.002947
0.000969
-0.003197
-0.003149
0.003320
-0.002423
-0.003082
-0.002358
0.001299
0.001970
0.002470
0.000346
0.003341
0.040560
-0.032576
-0.022561
-0.043214
-0.025079
-0.024135
-0.060312
-0.065812
-0.007555
0.042573
0.049326
0.019361
0.029543
0.051255
-0.002851
-0.027854
0.030091
-0.022461
-0.044491
0.065663
-0.004609
0.027974
0.023077
0.064328
0.029323
0.013433
-0.000245
-0.032950
0.001276
-0.021807
0.027325
-0.048835
-0.028759
0.014937
-0.034869
0.009195
-0.007259
-0.056811
0.027458
0.058498
0.038918
-0.008367
0.024529
-0.063618
-0.033150
0.025743
-0.007006
-0.039802
-0.015770
-0.021408
0.032799
-0.033666
0.009248
-0.039627
-0.058695
0.045132
-0.025308
-0.036492
-0.024482
0.012514
0.019743
0.026036
0.003251
0.047455
