-0.012602
0.015981
-0.048518
-0.035922
0.061463
0.048861
-0.003611
0.003025
-0.086868
0.002615
-0.027608
0.036784
0.051305
-0.097336
-0.049688
-0.043870
0.048167
-0.063943
0.096081
-0.087236
-0.072788
-0.045460
-0.084633
0.053665
0.073802
-0.022398
0.022897
0.009601
0.094361
-0.006044
-0.044937
0.018872
-0.063304
0.097722
0.071508
0.043311
-0.044443
0.061471
0.026688
0.097890
-0.004708
0.004705
0.096041
0.083073
-0.009213
-0.016797
0.062060
0.065183
-0.003825
-0.060634
-0.097930
0.027998
0.093338
0.064053
0.058081
0.066117
0.076320
0.008406
-0.046107
0.043339
-0.043550
-0.060970
0.097363
-0.086015
0.000000
0.000053
0.000230
0.000000
0.000000
0.000000
0.000000
0.000000
0.000000
0.000000
0.000000
-0.000073
0.000000
0.000000
0.000000
0.000000
0.000000
0.000000
-0.000073
0.000000
0.000000
0.000000
0.000000
0.000000
0.000000
-0.000073
0.000000
0.000000
0.000000
0.000000
0.000000
-0.000073
0.000000
0.000000
0.000000
0.000000
0.000000
0.000000
-0.000073
0.000000
0.000000
0.000000
0.000000
0.000000
0.000000
-0.000073
0.000000
0.000000
0.000000
0.000000
0.000000
0.000000
-0.000073
0.000000
-0.000068
-0.000293
0.000000
0.000000
0.000000
0.000000
0.000000
0.000000
0.000000
0.000000
0.000090
0.000000
0.000000
0.000000
0.000000
0.000000
0.000000
0.000090
0.000000
0.000000
0.000000
0.000000
0.000000
0.000000
0.000090
0.000000
0.000000
0.000000
0.000000
0.000000
0.000090
0.000000
0.000000
0.000000
0.000000
0.000000
0.000000
0.000090
0.000000
0.000000
0.000000
0.000000
0.000000
0.000000
0.000090
0.000000
0.000000
0.000000
0.000000
0.000000
0.000000
0.000090
0.000000
0.000205
0.000891
0.000000
0.000000
0.000000
0.000000
0.000000
0.000000
0.000000
0.000000
-0.000274
0.000000
0.000000
0.000000
0.000000
0.000000
0.000000
-0.000274
0.000000
0.000000
0.000000
0.000000
0.000000
0.000000
-0.000274
0.000000
0.000000
0.000000
0.000000
0.000000
-0.000274
0.000000
0.000000
0.000000
0.000000
0.000000
0.000000
-0.000274
0.000000
0.000000
0.000000
0.000000
0.000000
0.000000
-0.000274
0.000000
0.000000
0.000000
0.000000
0.000000
0.000000
-0.000274
0.000000
0.000153
0.000659
0.000000
0.000000
0.000000
0.000000
0.000000
0.000000
0.000000
0.000000
-0.000203
0.000000
0.000000
0.000000
0.000000
0.000000
0.000000
-0.000203
0.000000
0.000000
0.000000
0.000000
0.000000
0.000000
-0.000203
0.000000
0.000000
0.000000
0.000000
0.000000
-0.000203
0.000000
0.000000
0.000000
0.000000
0.000000
0.000000
-0.000203
0.000000
0.000000
0.000000
0.000000
0.000000
0.000000
-0.000203
0.000000
0.000000
0.000000
0.000000
0.000000
0.000000
-0.000203
0.000000
-0.000260
-0.001128
0.000000
0.000000
0.000000
0.000000
0.000000
0.000000
0.000000
0.000000
0.000347
0.000000
0.000000
0.000000
0.000000
0.000000
0.000000
0.000347
0.000000
0.000000
0.000000
0.000000
0.000000
0.000000
0.000347
0.000000
0.000000
0.000000
0.000000
0.000000
0.000347
0.000000
0.000000
0.000000
0.000000
0.000000
0.000000
0.000347
0.000000
0.000000
0.000000
0.000000
0.000000
0.000000
0.000347
0.000000
0.000000
0.000000
0.000000
0.000000
0.000000
0.000347
0.000000
-0.000207
-0.000897
0.000000
0.000000
0.000000
0.000000
0.000000
0.000000
0.000000
0.000000
0.000276
0.000000
0.000000
0.000000
0.000000
0.000000
0.000000
0.000276
0.000000
0.000000
0.000000
0.000000
0.000000
0.000000
0.000276
0.000000
0.000000
0.000000
0.000000
0.000000
0.000276
0.000000
0.000000
0.000000
0.000000
0.000000
0.000000
0.000276
0.000000
0.000000
0.000000
0.000000
0.000000
0.000000
0.000276
0.000000
0.000000
0.000000
0.000000
0.000000
0.000000
0.000276
0.000000
0.000014
0.000067
0.000000
0.000000
0.000000
0.000000
0.000000
0.000000
0.000000
0.000000
-0.000019
0.000000
0.000000
0.000000
0.000000
0.000000
0.000000
-0.000019
0.000000
0.000000
0.000000
0.000000
0.000000
0.000000
-0.000019
0.000000
0.000000
0.000000
0.000000
0.000000
-0.000019
0.000000
0.000000
0.000000
0.000000
0.000000
0.000000
-0.000019
0.000000
0.000000
0.000000
0.000000
0.000000
0.000000
-0.000019
0.000000
0.000000
0.000000
0.000000
0.000000
0.000000
-0.000019
0.000000
-0.000012
-0.000056
0.000000
0.000000
0.000000
0.000000
0.000000
0.000000
0.000000
0.000000
0.000017
0.000000
0.000000
0.000000
0.000000
0.000000
0.000000
0.000017
0.000000
0.000000
0.000000
0.000000
0.000000
0.000000
0.000017
0.000000
0.000000
0.000000
0.000000
0.000000
0.000017
0.000000
0.000000
0.000000
0.000000
0.000000
0.000000
0.000017
0.000000
0.000000
0.000000
0.000000
0.000000
0.000000
0.000017
0.000000
0.000000
0.000000
0.000000
0.000000
0.000000
0.000017
0.000000
0.000366
0.001588
0.000000
0.000000
0.000000
0.000000
0.000000
0.000000
0.000000
0.000000
-0.000489
0.000000
0.000000
0.000000
0.000000
0.000000
0.000000
-0.000489
0.000000
0.000000
0.000000
0.000000
0.000000
0.000000
-0.000489
0.000000
0.000000
0.000000
0.000000
0.000000
-0.000489
0.000000
0.000000
0.000000
0.000000
0.000000
0.000000
-0.000489
0.000000
0.000000
0.000000
0.000000
0.000000
0.000000
-0.000489
0.000000
0.000000
0.000000
0.000000
0.000000
0.000000
-0.000489
0.000000
-0.000011
-0.000049
0.000000
0.000000
0.000000
0.000000
0.000000
0.000000
0.000000
0.000000
0.000015
0.000000
0.000000
0.000000
0.000000
0.000000
0.000000
0.000015
0.000000
0.000000
0.000000
0.000000
0.000000
0.000000
0.000015
0.000000
0.000000
0.000000
0.000000
0.000000
0.000015
0.000000
0.000000
0.000000
0.000000
0.000000
0.000000
0.000015
0.000000
0.000000
0.000000
0.000000
0.000000
0.000000
0.000015
0.000000
0.000000
0.000000
0.000000
0.000000
0.000000
0.000015
0.000000
0.000118
0.000507
0.000000
0.000000
0.000000
0.000000
0.000000
0.000000
0.000000
0.000000
-0.000157
0.000000
0.000000
0.000000
0.000000
0.000000
0.000000
-0.000157
0.000000
0.000000
0.000000
0.000000
0.000000
0.000000
-0.000157
0.000000
0.000000
0.000000
0.000000
0.000000
-0.000157
0.000000
0.000000
0.000000
0.000000
0.000000
0.000000
-0.000157
0.000000
0.000000
0.000000
0.000000
0.000000
0.000000
-0.000157
0.000000
0.000000
0.000000
0.000000
0.000000
0.000000
-0.000157
0.000000
-0.000157
-0.000676
0.000000
0.000000
0.000000
0.000000
0.000000
0.000000
0.000000
0.000000
0.000207
0.000000
0.000000
0.000000
0.000000
0.000000
0.000000
0.000207
0.000000
0.000000
0.000000
0.000000
0.000000
0.000000
0.000207
0.000000
0.000000
0.000000
0.000000
0.000000
0.000207
0.000000
0.000000
0.000000
0.000000
0.000000
0.000000
0.000207
0.000000
0.000000
0.000000
0.000000
0.000000
0.000000
0.000207
0.000000
0.000000
0.000000
0.000000
0.000000
0.000000
0.000207
0.000000
-0.000217
-0.000942
0.000000
0.000000
0.000000
0.000000
0.000000
0.000000
0.000000
0.000000
0.000291
0.000000
0.000000
0.000000
0.000000
0.000000
0.000000
0.000291
0.000000
0.000000
0.000000
0.000000
0.000000
0.000000
0.000291
0.000000
0.000000
0.000000
0.000000
0.000000
0.000291
0.000000
0.000000
0.000000
0.000000
0.000000
0.000000
0.000291
0.000000
0.000000
0.000000
0.000000
0.000000
0.000000
0.000291
0.000000
0.000000
0.000000
0.000000
0.000000
0.000000
0.000291
0.000000
0.000409
0.001777
0.000000
0.000000
0.000000
0.000000
0.000000
0.000000
0.000000
0.000000
-0.000547
0.000000
0.000000
0.000000
0.000000
0.000000
0.000000
-0.000547
0.000000
0.000000
0.000000
0.000000
0.000000
0.000000
-0.000547
0.000000
0.000000
0.000000
0.000000
0.000000
-0.000547
0.000000
0.000000
0.000000
0.000000
0.000000
0.000000
-0.000547
0.000000
0.000000
0.000000
0.000000
0.000000
0.000000
-0.000547
0.000000
0.000000
0.000000
0.000000
0.000000
0.000000
-0.000547
0.000000
0.000210
0.000913
0.000000
0.000000
0.000000
0.000000
0.000000
0.000000
0.000000
0.000000
-0.000281
0.000000
0.000000
0.000000
0.000000
0.000000
0.000000
-0.000281
0.000000
0.000000
0.000000
0.000000
0.000000
0.000000
-0.000281
0.000000
0.000000
0.000000
0.000000
0.000000
-0.000281
0.000000
0.000000
0.000000
0.000000
0.000000
0.000000
-0.000281
0.000000
0.000000
0.000000
0.000000
0.000000
0.000000
-0.000281
0.000000
0.000000
0.000000
0.000000
0.000000
0.000000
-0.000281
0.000000
0.000186
0.000806
0.000000
0.000000
0.000000
0.000000
0.000000
0.000000
0.000000
0.000000
-0.000247
0.000000
0.000000
0.000000
0.000000
0.000000
0.000000
-0.000247
0.000000
0.000000
0.000000
0.000000
0.000000
0.000000
-0.000247
0.000000
0.000000
0.000000
0.000000
0.000000
-0.000247
0.000000
0.000000
0.000000
0.000000
0.000000
0.000000
-0.000247
0.000000
0.000000
0.000000
0.000000
0.000000
0.000000
-0.000247
0.000000
0.000000
0.000000
0.000000
0.000000
0.000000
-0.000247
0.000000
-0.000205
-0.000885
0.000000
0.000000
0.000000
0.000000
0.000000
0.000000
0.000000
0.000000
0.000272
0.000000
0.000000
0.000000
0.000000
0.000000
0.000000
0.000272
0.000000
0.000000
0.000000
0.000000
0.000000
0.000000
0.000272
0.000000
0.000000
0.000000
0.000000
0.000000
0.000272
0.000000
0.000000
0.000000
0.000000
0.000000
0.000000
0.000272
0.000000
0.000000
0.000000
0.000000
0.000000
0.000000
0.000272
0.000000
0.000000
0.000000
0.000000
0.000000
0.000000
0.000272
0.000000
0.000270
0.001173
0.000000
0.000000
0.000000
0.000000
0.000000
0.000000
0.000000
0.000000
-0.000360
0.000000
0.000000
0.000000
0.000000
0.000000
0.000000
-0.000360
0.000000
0.000000
0.000000
0.000000
0.000000
0.000000
-0.000360
0.000000
0.000000
0.000000
0.000000
0.000000
-0.000360
0.000000
0.000000
0.000000
0.000000
0.000000
0.000000
-0.000360
0.000000
0.000000
0.000000
0.000000
0.000000
0.000000
-0.000360
0.000000
0.000000
0.000000
0.000000
0.000000
0.000000
-0.000360
0.000000
-0.000404
-0.001755
0.000000
0.000000
0.000000
0.000000
0.000000
0.000000
0.000000
0.000000
0.000539
0.000000
0.000000
0.000000
0.000000
0.000000
0.000000
0.000539
0.000000
0.000000
0.000000
0.000000
0.000000
0.000000
0.000539
0.000000
0.000000
0.000000
0.000000
0.000000
0.000539
0.000000
0.000000
0.000000
0.000000
0.000000
0.000000
0.000539
0.000000
0.000000
0.000000
0.000000
0.000000
0.000000
0.000539
0.000000
0.000000
0.000000
0.000000
0.000000
0.000000
0.000539
0.000000
0.000367
0.001597
0.000000
0.000000
0.000000
0.000000
0.000000
0.000000
0.000000
0.000000
-0.000490
0.000000
0.000000
0.000000
0.000000
0.000000
0.000000
-0.000490
0.000000
0.000000
0.000000
0.000000
0.000000
0.000000
-0.000490
0.000000
0.000000
0.000000
0.000000
0.000000
-0.000490
0.000000
0.000000
0.000000
0.000000
0.000000
0.000000
-0.000490
0.000000
0.000000
0.000000
0.000000
0.000000
0.000000
-0.000490
0.000000
0.000000
0.000000
0.000000
0.000000
0.000000
-0.000490
0.000000
0.000308
0.001335
0.000000
0.000000
0.000000
0.000000
0.000000
0.000000
0.000000
0.000000
-0.000409
0.000000
0.000000
0.000000
0.000000
0.000000
0.000000
-0.000409
0.000000
0.000000
0.000000
0.000000
0.000000
0.000000
-0.000409
0.000000
0.000000
0.000000
0.000000
0.000000
-0.000409
0.000000
0.000000
0.000000
0.000000
0.000000
0.000000
-0.000409
0.000000
0.000000
0.000000
0.000000
0.000000
0.000000
-0.000409
0.000000
0.000000
0.000000
0.000000
0.000000
0.000000
-0.000409
0.000000
0.000192
0.000834
0.000000
0.000000
0.000000
0.000000
0.000000
0.000000
0.000000
0.000000
-0.000257
0.000000
0.000000
0.000000
0.000000
0.000000
0.000000
-0.000257
0.000000
0.000000
0.000000
0.000000
0.000000
0.000000
-0.000257
0.000000
0.000000
0.000000
0.000000
0.000000
-0.000257
0.000000
0.000000
0.000000
0.000000
0.000000
0.000000
-0.000257
0.000000
0.000000
0.000000
0.000000
0.000000
0.000000
-0.000257
0.000000
0.000000
0.000000
0.000000
0.000000
0.000000
-0.000257
0.000000
0.000357
0.001549
0.000000
0.000000
0.000000
0.000000
0.000000
0.000000
0.000000
0.000000
-0.000477
0.000000
0.000000
0.000000
0.000000
0.000000
0.000000
-0.000477
0.000000
0.000000
0.000000
0.000000
0.000000
0.000000
-0.000477
0.000000
0.000000
0.000000
0.000000
0.000000
-0.000477
0.000000
0.000000
0.000000
0.000000
0.000000
0.000000
-0.000477
0.000000
0.000000
0.000000
0.000000
0.000000
0.000000
-0.000477
0.000000
0.000000
0.000000
0.000000
0.000000
0.000000
-0.000477
0.000000
-0.000226
-0.000985
0.000000
0.000000
0.000000
0.000000
0.000000
0.000000
0.000000
0.000000
0.000304
0.000000
0.000000
0.000000
0.000000
0.000000
0.000000
0.000304
0.000000
0.000000
0.000000
0.000000
0.000000
0.000000
0.000304
0.000000
0.000000
0.000000
0.000000
0.000000
0.000304
0.000000
0.000000
0.000000
0.000000
0.000000
0.000000
0.000304
0.000000
0.000000
0.000000
0.000000
0.000000
0.000000
0.000304
0.000000
0.000000
0.000000
0.000000
0.000000
0.000000
0.000304
0.000000
-0.000312
-0.001351
0.000000
0.000000
0.000000
0.000000
0.000000
0.000000
0.000000
0.000000
0.000416
0.000000
0.000000
0.000000
0.000000
0.000000
0.000000
0.000416
0.000000
0.000000
0.000000
0.000000
0.000000
0.000000
0.000416
0.000000
0.000000
0.000000
0.000000
0.000000
0.000416
0.000000
0.000000
0.000000
0.000000
0.000000
0.000000
0.000416
0.000000
0.000000
0.000000
0.000000
0.000000
0.000000
0.000416
0.000000
0.000000
0.000000
0.000000
0.000000
0.000000
0.000416
0.000000
0.000096
0.000412
0.000000
0.000000
0.000000
0.000000
0.000000
0.000000
0.000000
0.000000
-0.000127
0.000000
0.000000
0.000000
0.000000
0.000000
0.000000
-0.000127
0.000000
0.000000
0.000000
0.000000
0.000000
0.000000
-0.000127
0.000000
0.000000
0.000000
0.000000
0.000000
-0.000127
0.000000
0.000000
0.000000
0.000000
0.000000
0.000000
-0.000127
0.000000
0.000000
0.000000
0.000000
0.000000
0.000000
-0.000127
0.000000
0.000000
0.000000
0.000000
0.000000
0.000000
-0.000127
0.000000
-0.000098
-0.000422
0.000000
0.000000
0.000000
0.000000
0.000000
0.000000
0.000000
0.000000
0.000130
0.000000
0.000000
0.000000
0.000000
0.000000
0.000000
0.000130
0.000000
0.000000
0.000000
0.000000
0.000000
0.000000
0.000130
0.000000
0.000000
0.000000
0.000000
0.000000
0.000130
0.000000
0.000000
0.000000
0.000000
0.000000
0.000000
0.000130
0.000000
0.000000
0.000000
0.000000
0.000000
0.000000
0.000130
0.000000
0.000000
0.000000
0.000000
0.000000
0.000000
0.000130
0.000000
-0.000040
-0.000176
0.000000
0.000000
0.000000
0.000000
0.000000
0.000000
0.000000
0.000000
0.000053
0.000000
0.000000
0.000000
0.000000
0.000000
0.000000
0.000053
0.000000
0.000000
0.000000
0.000000
0.000000
0.000000
0.000053
0.000000
0.000000
0.000000
0.000000
0.000000
0.000053
0.000000
0.000000
0.000000
0.000000
0.000000
0.000000
0.000053
0.000000
0.000000
0.000000
0.000000
0.000000
0.000000
0.000053
0.000000
0.000000
0.000000
0.000000
0.000000
0.000000
0.000053
0.000000
-0.000398
-0.001724
0.000000
0.000000
0.000000
0.000000
0.000000
0.000000
0.000000
0.000000
0.000530
0.000000
0.000000
0.000000
0.000000
0.000000
0.000000
0.000530
0.000000
0.000000
0.000000
0.000000
0.000000
0.000000
0.000530
0.000000
0.000000
0.000000
0.000000
0.000000
0.000530
0.000000
0.000000
0.000000
0.000000
0.000000
0.000000
0.000530
0.000000
0.000000
0.000000
0.000000
0.000000
0.000000
0.000530
0.000000
0.000000
0.000000
0.000000
0.000000
0.000000
0.000530
0.000000
0.000026
0.000113
0.000000
0.000000
0.000000
0.000000
0.000000
0.000000
0.000000
0.000000
-0.000034
0.000000
0.000000
0.000000
0.000000
0.000000
0.000000
-0.000034
0.000000
0.000000
0.000000
0.000000
0.000000
0.000000
-0.000034
0.000000
0.000000
0.000000
0.000000
0.000000
-0.000034
0.000000
0.000000
0.000000
0.000000
0.000000
0.000000
-0.000034
0.000000
0.000000
0.000000
0.000000
0.000000
0.000000
-0.000034
0.000000
0.000000
0.000000
0.000000
0.000000
0.000000
-0.000034
0.000000
0.000189
0.000826
0.000000
0.000000
0.000000
0.000000
0.000000
0.000000
0.000000
0.000000
-0.000255
0.000000
0.000000
0.000000
0.000000
0.000000
0.000000
-0.000255
0.000000
0.000000
0.000000
0.000000
0.000000
0.000000
-0.000255
0.000000
0.000000
0.000000
0.000000
0.000000
-0.000255
0.000000
0.000000
0.000000
0.000000
0.000000
0.000000
-0.000255
0.000000
0.000000
0.000000
0.000000
0.000000
0.000000
-0.000255
0.000000
0.000000
0.000000
0.000000
0.000000
0.000000
-0.000255
0.000000
-0.000080
-0.000348
0.000000
0.000000
0.000000
0.000000
0.000000
0.000000
0.000000
0.000000
0.000107
0.000000
0.000000
0.000000
0.000000
0.000000
0.000000
0.000107
0.000000
0.000000
0.000000
0.000000
0.000000
0.000000
0.000107
0.000000
0.000000
0.000000
0.000000
0.000000
0.000107
0.000000
0.000000
0.000000
0.000000
0.000000
0.000000
0.000107
0.000000
0.000000
0.000000
0.000000
0.000000
0.000000
0.000107
0.000000
0.000000
0.000000
0.000000
0.000000
0.000000
0.000107
0.000000
0.000268
0.001162
0.000000
0.000000
0.000000
0.000000
0.000000
0.000000
0.000000
0.000000
-0.000356
0.000000
0.000000
0.000000
0.000000
0.000000
0.000000
-0.000356
0.000000
0.000000
0.000000
0.000000
0.000000
0.000000
-0.000356
0.000000
0.000000
0.000000
0.000000
0.000000
-0.000356
0.000000
0.000000
0.000000
0.000000
0.000000
0.000000
-0.000356
0.000000
0.000000
0.000000
0.000000
0.000000
0.000000
-0.000356
0.000000
0.000000
0.000000
0.000000
0.000000
0.000000
-0.000356
0.000000
-0.000411
-0.001784
0.000000
0.000000
0.000000
0.000000
0.000000
0.000000
0.000000
0.000000
0.000550
0.000000
0.000000
0.000000
0.000000
0.000000
0.000000
0.000550
0.000000
0.000000
0.000000
0.000000
0.000000
0.000000
0.000550
0.000000
0.000000
0.000000
0.000000
0.000000
0.000550
0.000000
0.000000
0.000000
0.000000
0.000000
0.000000
0.000550
0.000000
0.000000
0.000000
0.000000
0.000000
0.000000
0.000550
0.000000
0.000000
0.000000
0.000000
0.000000
0.000000
0.000550
0.000000
-0.000303
-0.001310
0.000000
0.000000
0.000000
0.000000
0.000000
0.000000
0.000000
0.000000
0.000403
0.000000
0.000000
0.000000
0.000000
0.000000
0.000000
0.000403
0.000000
0.000000
0.000000
0.000000
0.000000
0.000000
0.000403
0.000000
0.000000
0.000000
0.000000
0.000000
0.000403
0.000000
0.000000
0.000000
0.000000
0.000000
0.000000
0.000403
0.000000
0.000000
0.000000
0.000000
0.000000
0.000000
0.000403
0.000000
0.000000
0.000000
0.000000
0.000000
0.000000
0.000403
0.000000
-0.000183
-0.000795
0.000000
0.000000
0.000000
0.000000
0.000000
0.000000
0.000000
0.000000
0.000246
0.000000
0.000000
0.000000
0.000000
0.000000
0.000000
0.000246
0.000000
0.000000
0.000000
0.000000
0.000000
0.000000
0.000246
0.000000
0.000000
0.000000
0.000000
0.000000
0.000246
0.000000
0.000000
0.000000
0.000000
0.000000
0.000000
0.000246
0.000000
0.000000
0.000000
0.000000
0.000000
0.000000
0.000246
0.000000
0.000000
0.000000
0.000000
0.000000
0.000000
0.000246
0.000000
0.000188
0.000816
0.000000
0.000000
0.000000
0.000000
0.000000
0.000000
0.000000
0.000000
-0.000251
0.000000
0.000000
0.000000
0.000000
0.000000
0.000000
-0.000251
0.000000
0.000000
0.000000
0.000000
0.000000
0.000000
-0.000251
0.000000
0.000000
0.000000
0.000000
0.000000
-0.000251
0.000000
0.000000
0.000000
0.000000
0.000000
0.000000
-0.000251
0.000000
0.000000
0.000000
0.000000
0.000000
0.000000
-0.000251
0.000000
0.000000
0.000000
0.000000
0.000000
0.000000
-0.000251
0.000000
-0.000261
-0.001129
0.000000
0.000000
0.000000
0.000000
0.000000
0.000000
0.000000
0.000000
0.000347
0.000000
0.000000
0.000000
0.000000
0.000000
0.000000
0.000347
0.000000
0.000000
0.000000
0.000000
0.000000
0.000000
0.000347
0.000000
0.000000
0.000000
0.000000
0.000000
0.000347
0.000000
0.000000
0.000000
0.000000
0.000000
0.000000
0.000347
0.000000
0.000000
0.000000
0.000000
0.000000
0.000000
0.000347
0.000000
0.000000
0.000000
0.000000
0.000000
0.000000
0.000347
0.000000
-0.000114
-0.000490
0.000000
0.000000
0.000000
0.000000
0.000000
0.000000
0.000000
0.000000
0.000151
0.000000
0.000000
0.000000
0.000000
0.000000
0.000000
0.000151
0.000000
0.000000
0.000000
0.000000
0.000000
0.000000
0.000151
0.000000
0.000000
0.000000
0.000000
0.000000
0.000151
0.000000
0.000000
0.000000
0.000000
0.000000
0.000000
0.000151
0.000000
0.000000
0.000000
0.000000
0.000000
0.000000
0.000151
0.000000
0.000000
0.000000
0.000000
0.000000
0.000000
0.000151
0.000000
-0.000412
-0.001788
0.000000
0.000000
0.000000
0.000000
0.000000
0.000000
0.000000
0.000000
0.000551
0.000000
0.000000
0.000000
0.000000
0.000000
0.000000
0.000551
0.000000
0.000000
0.000000
0.000000
0.000000
0.000000
0.000551
0.000000
0.000000
0.000000
0.000000
0.000000
0.000551
0.000000
0.000000
0.000000
0.000000
0.000000
0.000000
0.000551
0.000000
0.000000
0.000000
0.000000
0.000000
0.000000
0.000551
0.000000
0.000000
0.000000
0.000000
0.000000
0.000000
0.000551
0.000000
0.000019
0.000087
0.000000
0.000000
0.000000
0.000000
0.000000
0.000000
0.000000
0.000000
-0.000027
0.000000
0.000000
0.000000
0.000000
0.000000
0.000000
-0.000027
0.000000
0.000000
0.000000
0.000000
0.000000
0.000000
-0.000027
0.000000
0.000000
0.000000
0.000000
0.000000
-0.000027
0.000000
0.000000
0.000000
0.000000
0.000000
0.000000
-0.000027
0.000000
0.000000
0.000000
0.000000
0.000000
0.000000
-0.000027
0.000000
0.000000
0.000000
0.000000
0.000000
0.000000
-0.000027
0.000000
-0.000019
-0.000086
0.000000
0.000000
0.000000
0.000000
0.000000
0.000000
0.000000
0.000000
0.000027
0.000000
0.000000
0.000000
0.000000
0.000000
0.000000
0.000027
0.000000
0.000000
0.000000
0.000000
0.000000
0.000000
0.000027
0.000000
0.000000
0.000000
0.000000
0.000000
0.000027
0.000000
0.000000
0.000000
0.000000
0.000000
0.000000
0.000027
0.000000
0.000000
0.000000
0.000000
0.000000
0.000000
0.000027
0.000000
0.000000
0.000000
0.000000
0.000000
0.000000
0.000027
0.000000
-0.000404
-0.001755
0.000000
0.000000
0.000000
0.000000
0.000000
0.000000
0.000000
0.000000
0.000539
0.000000
0.000000
0.000000
0.000000
0.000000
0.000000
0.000539
0.000000
0.000000
0.000000
0.000000
0.000000
0.000000
0.000539
0.000000
0.000000
0.000000
0.000000
0.000000
0.000539
0.000000
0.000000
0.000000
0.000000
0.000000
0.000000
0.000539
0.000000
0.000000
0.000000
0.000000
0.000000
0.000000
0.000539
0.000000
0.000000
0.000000
0.000000
0.000000
0.000000
0.000539
0.000000
-0.000351
-0.001522
0.000000
0.000000
0.000000
0.000000
0.000000
0.000000
0.000000
0.000000
0.000468
0.000000
0.000000
0.000000
0.000000
0.000000
0.000000
0.000468
0.000000
0.000000
0.000000
0.000000
0.000000
0.000000
0.000468
0.000000
0.000000
0.000000
0.000000
0.000000
0.000468
0.000000
0.000000
0.000000
0.000000
0.000000
0.000000
0.000468
0.000000
0.000000
0.000000
0.000000
0.000000
0.000000
0.000468
0.000000
0.000000
0.000000
0.000000
0.000000
0.000000
0.000468
0.000000
0.000039
0.000169
0.000000
0.000000
0.000000
0.000000
0.000000
0.000000
0.000000
0.000000
-0.000052
0.000000
0.000000
0.000000
0.000000
0.000000
0.000000
-0.000052
0.000000
0.000000
0.000000
0.000000
0.000000
0.000000
-0.000052
0.000000
0.000000
0.000000
0.000000
0.000000
-0.000052
0.000000
0.000000
0.000000
0.000000
0.000000
0.000000
-0.000052
0.000000
0.000000
0.000000
0.000000
0.000000
0.000000
-0.000052
0.000000
0.000000
0.000000
0.000000
0.000000
0.000000
-0.000052
0.000000
0.000073
0.000308
0.000000
0.000000
0.000000
0.000000
0.000000
0.000000
0.000000
0.000000
-0.000095
0.000000
0.000000
0.000000
0.000000
0.000000
0.000000
-0.000095
0.000000
0.000000
0.000000
0.000000
0.000000
0.000000
-0.000095
0.000000
0.000000
0.000000
0.000000
0.000000
-0.000095
0.000000
0.000000
0.000000
0.000000
0.000000
0.000000
-0.000095
0.000000
0.000000
0.000000
0.000000
0.000000
0.000000
-0.000095
0.000000
0.000000
0.000000
0.000000
0.000000
0.000000
-0.000095
0.000000
-0.000263
-0.001138
0.000000
0.000000
0.000000
0.000000
0.000000
0.000000
0.000000
0.000000
0.000350
0.000000
0.000000
0.000000
0.000000
0.000000
0.000000
0.000350
0.000000
0.000000
0.000000
0.000000
0.000000
0.000000
0.000350
0.000000
0.000000
0.000000
0.000000
0.000000
0.000350
0.000000
0.000000
0.000000
0.000000
0.000000
0.000000
0.000350
0.000000
0.000000
0.000000
0.000000
0.000000
0.000000
0.000350
0.000000
0.000000
0.000000
0.000000
0.000000
0.000000
0.000350
0.000000
-0.000276
-0.001195
0.000000
0.000000
0.000000
0.000000
0.000000
0.000000
0.000000
0.000000
0.000367
0.000000
0.000000
0.000000
0.000000
0.000000
0.000000
0.000367
0.000000
0.000000
0.000000
0.000000
0.000000
0.000000
0.000367
0.000000
0.000000
0.000000
0.000000
0.000000
0.000367
0.000000
0.000000
0.000000
0.000000
0.000000
0.000000
0.000367
0.000000
0.000000
0.000000
0.000000
0.000000
0.000000
0.000367
0.000000
0.000000
0.000000
0.000000
0.000000
0.000000
0.000367
0.000000
0.000016
0.000071
0.000000
0.000000
0.000000
0.000000
0.000000
0.000000
0.000000
0.000000
-0.000021
0.000000
0.000000
0.000000
0.000000
0.000000
0.000000
-0.000021
0.000000
0.000000
0.000000
0.000000
0.000000
0.000000
-0.000021
0.000000
0.000000
0.000000
0.000000
0.000000
-0.000021
0.000000
0.000000
0.000000
0.000000
0.000000
0.000000
-0.000021
0.000000
0.000000
0.000000
0.000000
0.000000
0.000000
-0.000021
0.000000
0.000000
0.000000
0.000000
0.000000
0.000000
-0.000021
0.000000
0.000257
0.001113
0.000000
0.000000
0.000000
0.000000
0.000000
0.000000
0.000000
0.000000
-0.000342
0.000000
0.000000
0.000000
0.000000
0.000000
0.000000
-0.000342
0.000000
0.000000
0.000000
0.000000
0.000000
0.000000
-0.000342
0.000000
0.000000
0.000000
0.000000
0.000000
-0.000342
0.000000
0.000000
0.000000
0.000000
0.000000
0.000000
-0.000342
0.000000
0.000000
0.000000
0.000000
0.000000
0.000000
-0.000342
0.000000
0.000000
0.000000
0.000000
0.000000
0.000000
-0.000342
0.000000
0.000412
0.001788
0.000000
0.000000
0.000000
0.000000
0.000000
0.000000
0.000000
0.000000
-0.000551
0.000000
0.000000
0.000000
0.000000
0.000000
0.000000
-0.000551
0.000000
0.000000
0.000000
0.000000
0.000000
0.000000
-0.000551
0.000000
0.000000
0.000000
0.000000
0.000000
-0.000551
0.000000
0.000000
0.000000
0.000000
0.000000
0.000000
-0.000551
0.000000
0.000000
0.000000
0.000000
0.000000
0.000000
-0.000551
0.000000
0.000000
0.000000
0.000000
0.000000
0.000000
-0.000551
0.000000
-0.000119
-0.000514
0.000000
0.000000
0.000000
0.000000
0.000000
0.000000
0.000000
0.000000
0.000159
0.000000
0.000000
0.000000
0.000000
0.000000
0.000000
0.000159
0.000000
0.000000
0.000000
0.000000
0.000000
0.000000
0.000159
0.000000
0.000000
0.000000
0.000000
0.000000
0.000159
0.000000
0.000000
0.000000
0.000000
0.000000
0.000000
0.000159
0.000000
0.000000
0.000000
0.000000
0.000000
0.000000
0.000159
0.000000
0.000000
0.000000
0.000000
0.000000
0.000000
0.000159
0.000000
-0.000393
-0.001705
0.000000
0.000000
0.000000
0.000000
0.000000
0.000000
0.000000
0.000000
0.000525
0.000000
0.000000
0.000000
0.000000
0.000000
0.000000
0.000525
0.000000
0.000000
0.000000
0.000000
0.000000
0.000000
0.000525
0.000000
0.000000
0.000000
0.000000
0.000000
0.000525
0.000000
0.000000
0.000000
0.000000
0.000000
0.000000
0.000525
0.000000
0.000000
0.000000
0.000000
0.000000
0.000000
0.000525
0.000000
0.000000
0.000000
0.000000
0.000000
0.000000
0.000525
0.000000
-0.000271
-0.001174
0.000000
0.000000
0.000000
0.000000
0.000000
0.000000
0.000000
0.000000
0.000361
0.000000
0.000000
0.000000
0.000000
0.000000
0.000000
0.000361
0.000000
0.000000
0.000000
0.000000
0.000000
0.000000
0.000361
0.000000
0.000000
0.000000
0.000000
0.000000
0.000361
0.000000
0.000000
0.000000
0.000000
0.000000
0.000000
0.000361
0.000000
0.000000
0.000000
0.000000
0.000000
0.000000
0.000361
0.000000
0.000000
0.000000
0.000000
0.000000
0.000000
0.000361
0.000000
-0.000246
-0.001065
0.000000
0.000000
0.000000
0.000000
0.000000
0.000000
0.000000
0.000000
0.000328
0.000000
0.000000
0.000000
0.000000
0.000000
0.000000
0.000328
0.000000
0.000000
0.000000
0.000000
0.000000
0.000000
0.000328
0.000000
0.000000
0.000000
0.000000
0.000000
0.000328
0.000000
0.000000
0.000000
0.000000
0.000000
0.000000
0.000328
0.000000
0.000000
0.000000
0.000000
0.000000
0.000000
0.000328
0.000000
0.000000
0.000000
0.000000
0.000000
0.000000
0.000328
0.000000
-0.000279
-0.001212
0.000000
0.000000
0.000000
0.000000
0.000000
0.000000
0.000000
0.000000
0.000373
0.000000
0.000000
0.000000
0.000000
0.000000
0.000000
0.000373
0.000000
0.000000
0.000000
0.000000
0.000000
0.000000
0.000373
0.000000
0.000000
0.000000
0.000000
0.000000
0.000373
0.000000
0.000000
0.000000
0.000000
0.000000
0.000000
0.000373
0.000000
0.000000
0.000000
0.000000
0.000000
0.000000
0.000373
0.000000
0.000000
0.000000
0.000000
0.000000
0.000000
0.000373
0.000000
-0.000322
-0.001398
0.000000
0.000000
0.000000
0.000000
0.000000
0.000000
0.000000
0.000000
0.000430
0.000000
0.000000
0.000000
0.000000
0.000000
0.000000
0.000430
0.000000
0.000000
0.000000
0.000000
0.000000
0.000000
0.000430
0.000000
0.000000
0.000000
0.000000
0.000000
0.000430
0.000000
0.000000
0.000000
0.000000
0.000000
0.000000
0.000430
0.000000
0.000000
0.000000
0.000000
0.000000
0.000000
0.000430
0.000000
0.000000
0.000000
0.000000
0.000000
0.000000
0.000430
0.000000
-0.000035
-0.000156
0.000000
0.000000
0.000000
0.000000
0.000000
0.000000
0.000000
0.000000
0.000047
0.000000
0.000000
0.000000
0.000000
0.000000
0.000000
0.000047
0.000000
0.000000
0.000000
0.000000
0.000000
0.000000
0.000047
0.000000
0.000000
0.000000
0.000000
0.000000
0.000047
0.000000
0.000000
0.000000
0.000000
0.000000
0.000000
0.000047
0.000000
0.000000
0.000000
0.000000
0.000000
0.000000
0.000047
0.000000
0.000000
0.000000
0.000000
0.000000
0.000000
0.000047
0.000000
0.000194
0.000848
0.000000
0.000000
0.000000
0.000000
0.000000
0.000000
0.000000
0.000000
-0.000262
0.000000
0.000000
0.000000
0.000000
0.000000
0.000000
-0.000262
0.000000
0.000000
0.000000
0.000000
0.000000
0.000000
-0.000262
0.000000
0.000000
0.000000
0.000000
0.000000
-0.000262
0.000000
0.000000
0.000000
0.000000
0.000000
0.000000
-0.000262
0.000000
0.000000
0.000000
0.000000
0.000000
0.000000
-0.000262
0.000000
0.000000
0.000000
0.000000
0.000000
0.000000
-0.000262
0.000000
-0.000183
-0.000795
0.000000
0.000000
0.000000
0.000000
0.000000
0.000000
0.000000
0.000000
0.000246
0.000000
0.000000
0.000000
0.000000
0.000000
0.000000
0.000246
0.000000
0.000000
0.000000
0.000000
0.000000
0.000000
0.000246
0.000000
0.000000
0.000000
0.000000
0.000000
0.000246
0.000000
0.000000
0.000000
0.000000
0.000000
0.000000
0.000246
0.000000
0.000000
0.000000
0.000000
0.000000
0.000000
0.000246
0.000000
0.000000
0.000000
0.000000
0.000000
0.000000
0.000246
0.000000
0.000184
0.000800
0.000000
0.000000
0.000000
0.000000
0.000000
0.000000
0.000000
0.000000
-0.000247
0.000000
0.000000
0.000000
0.000000
0.000000
0.000000
-0.000247
0.000000
0.000000
0.000000
0.000000
0.000000
0.000000
-0.000247
0.000000
0.000000
0.000000
0.000000
0.000000
-0.000247
0.000000
0.000000
0.000000
0.000000
0.000000
0.000000
-0.000247
0.000000
0.000000
0.000000
0.000000
0.000000
0.000000
-0.000247
0.000000
0.000000
0.000000
0.000000
0.000000
0.000000
-0.000247
0.000000
0.000257
0.001118
0.000000
0.000000
0.000000
0.000000
0.000000
0.000000
0.000000
0.000000
-0.000344
0.000000
0.000000
0.000000
0.000000
0.000000
0.000000
-0.000344
0.000000
0.000000
0.000000
0.000000
0.000000
0.000000
-0.000344
0.000000
0.000000
0.000000
0.000000
0.000000
-0.000344
0.000000
0.000000
0.000000
0.000000
0.000000
0.000000
-0.000344
0.000000
0.000000
0.000000
0.000000
0.000000
0.000000
-0.000344
0.000000
0.000000
0.000000
0.000000
0.000000
0.000000
-0.000344
0.000000
-0.000409
-0.001778
0.000000
0.000000
0.000000
0.000000
0.000000
0.000000
0.000000
0.000000
0.000548
0.000000
0.000000
0.000000
0.000000
0.000000
0.000000
0.000548
0.000000
0.000000
0.000000
0.000000
0.000000
0.000000
0.000548
0.000000
0.000000
0.000000
0.000000
0.000000
0.000548
0.000000
0.000000
0.000000
0.000000
0.000000
0.000000
0.000548
0.000000
0.000000
0.000000
0.000000
0.000000
0.000000
0.000548
0.000000
0.000000
0.000000
0.000000
0.000000
0.000000
0.000548
0.000000
0.000362
0.001573
0.000000
0.000000
0.000000
0.000000
0.000000
0.000000
0.000000
0.000000
-0.000485
0.000000
0.000000
0.000000
0.000000
0.000000
0.000000
-0.000485
0.000000
0.000000
0.000000
0.000000
0.000000
0.000000
-0.000485
0.000000
0.000000
0.000000
0.000000
0.000000
-0.000485
0.000000
0.000000
0.000000
0.000000
0.000000
0.000000
-0.000485
0.000000
0.000000
0.000000
0.000000
0.000000
0.000000
-0.000485
0.000000
0.000000
0.000000
0.000000
0.000000
0.000000
-0.000485
-0.049415
-0.048038
0.019908
0.026671
0.014464
0.056905
0.083610
-0.008658
0.007437
-0.083934
0.014816
0.000063
0.016173
0.085411
0.000477
0.064982
0.056087
-0.051126
0.030732
-0.064482
0.066112
-0.078286
0.068562
-0.041193
-0.015800
-0.053130
0.085247
-0.090841
-0.049216
-0.083346
0.085602
0.060190
-0.078873
-0.028232
0.016776
0.008878
-0.028386
0.003051
0.049893
0.033346
0.046586
-0.021176
-0.029760
0.024864
-0.059454
-0.009307
0.047317
-0.066593
-0.088806
0.008226
0.014368
-0.025615
0.063590
0.053627
0.011629
-0.053621
0.003395
0.008384
0.022635
-0.001800
0.031466
0.030014
-0.000415
0.013310
-0.000035
0.000043
-0.000133
-0.000099
0.000170
0.000135
-0.000011
0.000008
-0.000239
0.000006
-0.000075
0.000102
0.000140
-0.000268
-0.000136
-0.000120
0.000132
-0.000175
0.000265
-0.000240
-0.000201
-0.000124
-0.000232
0.000148
0.000203
-0.000062
0.000062
0.000026
0.000260
-0.000017
-0.000123
0.000051
-0.000174
0.000269
0.000198
0.000119
-0.000123
0.000170
0.000074
0.000268
-0.000014
0.000014
0.000265
0.000228
-0.000025
-0.000046
0.000171
0.000179
-0.000011
-0.000167
-0.000269
0.000077
0.000257
0.000177
0.000160
0.000181
0.000210
0.000024
-0.000127
0.000119
-0.000120
-0.000168
0.000268
-0.000236
-0.000033
0.000043
-0.000131
-0.000097
0.000163
0.000130
-0.000010
0.000008
-0.000233
0.000008
-0.000074
0.000098
0.000137
-0.000260
-0.000133
-0.000117
0.000128
-0.000171
0.000258
-0.000234
-0.000194
-0.000121
-0.000226
0.000144
0.000198
-0.000060
0.000060
0.000025
0.000253
-0.000016
-0.000120
0.000050
-0.000170
0.000262
0.000191
0.000116
-0.000119
0.000163
0.000072
0.000262
-0.000013
0.000013
0.000257
0.000221
-0.000025
-0.000046
0.000165
0.000174
-0.000010
-0.000162
-0.000262
0.000075
0.000250
0.000170
0.000155
0.000178
0.000204
0.000023
-0.000123
0.000116
-0.000116
-0.000162
0.000260
-0.000231
0.000015
-0.000017
0.000053
0.000039
-0.000068
-0.000053
0.000004
-0.000003
0.000096
-0.000004
0.000031
-0.000042
-0.000057
0.000109
0.000056
0.000050
-0.000054
0.000071
-0.000107
0.000097
0.000082
0.000050
0.000095
-0.000060
-0.000083
0.000025
-0.000026
-0.000010
-0.000105
0.000007
0.000049
-0.000021
0.000071
-0.000109
-0.000079
-0.000048
0.000050
-0.000068
-0.000028
-0.000109
0.000005
-0.000005
-0.000107
-0.000092
0.000010
0.000018
-0.000070
-0.000072
0.000005
0.000067
0.000109
-0.000031
-0.000103
-0.000071
-0.000064
-0.000075
-0.000084
-0.000009
0.000052
-0.000048
0.000049
0.000069
-0.000109
0.000096
0.000018
-0.000023
0.000072
0.000054
-0.000091
-0.000073
0.000006
-0.000004
0.000129
-0.000004
0.000041
-0.000054
-0.000077
0.000146
0.000073
0.000065
-0.000071
0.000096
-0.000144
0.000130
0.000110
0.000068
0.000127
-0.000081
-0.000110
0.000033
-0.000035
-0.000014
-0.000142
0.000009
0.000066
-0.000028
0.000095
-0.000145
-0.000105
-0.000064
0.000067
-0.000091
-0.000039
-0.000146
0.000008
-0.000008
-0.000143
-0.000123
0.000013
0.000025
-0.000092
-0.000097
0.000006
0.000090
0.000146
-0.000041
-0.000140
-0.000096
-0.000086
-0.000098
-0.000114
-0.000013
0.000067
-0.000064
0.000065
0.000092
-0.000146
0.000128
0.000010
-0.000013
0.000040
0.000029
-0.000049
-0.000038
0.000004
-0.000004
0.000070
-0.000002
0.000021
-0.000029
-0.000043
0.000078
0.000040
0.000034
-0.000039
0.000052
-0.000078
0.000071
0.000059
0.000036
0.000068
-0.000043
-0.000060
0.000017
-0.000019
-0.000007
-0.000077
0.000005
0.000036
-0.000015
0.000051
-0.000078
-0.000057
-0.000035
0.000035
-0.000049
-0.000021
-0.000078
0.000004
-0.000004
-0.000078
-0.000067
0.000007
0.000013
-0.000051
-0.000052
0.000003
0.000050
0.000079
-0.000023
-0.000075
-0.000052
-0.000046
-0.000054
-0.000062
-0.000007
0.000038
-0.000035
0.000036
0.000050
-0.000078
0.000071
0.000040
-0.000051
0.000152
0.000113
-0.000194
-0.000155
0.000011
-0.000010
0.000275
-0.000008
0.000087
-0.000116
-0.000162
0.000308
0.000156
0.000138
-0.000152
0.000202
-0.000304
0.000276
0.000230
0.000143
0.000268
-0.000169
-0.000234
0.000070
-0.000072
-0.000031
-0.000299
0.000019
0.000142
-0.000059
0.000201
-0.000310
-0.000226
-0.000137
0.000141
-0.000194
-0.000084
-0.000309
0.000014
-0.000014
-0.000304
-0.000262
0.000029
0.000053
-0.000196
-0.000205
0.000011
0.000190
0.000309
-0.000088
-0.000295
-0.000203
-0.000184
-0.000209
-0.000241
-0.000027
0.000146
-0.000137
0.000138
0.000194
-0.000308
0.000273
0.000057
-0.000073
0.000223
0.000166
-0.000283
-0.000225
0.000018
-0.000014
0.000401
-0.000012
0.000127
-0.000170
-0.000236
0.000449
0.000228
0.000203
-0.000222
0.000295
-0.000444
0.000403
0.000335
0.000209
0.000389
-0.000247
-0.000341
0.000103
-0.000106
-0.000046
-0.000436
0.000027
0.000206
-0.000087
0.000292
-0.000451
-0.000330
-0.000199
0.000205
-0.000283
-0.000123
-0.000451
0.000021
-0.000021
-0.000443
-0.000382
0.000042
0.000078
-0.000286
-0.000301
0.000017
0.000279
0.000453
-0.000129
-0.000431
-0.000296
-0.000267
-0.000305
-0.000352
-0.000039
0.000212
-0.000200
0.000201
0.000281
-0.000450
0.000397
-0.000006
0.000008
-0.000023
-0.000017
0.000029
0.000024
-0.000001
0.000000
-0.000042
0.000001
-0.000013
0.000017
0.000025
-0.000047
-0.000024
-0.000022
0.000023
-0.000031
0.000046
-0.000042
-0.000036
-0.000022
-0.000042
0.000026
0.000036
-0.000011
0.000012
0.000005
0.000046
-0.000004
-0.000021
0.000009
-0.000031
0.000048
0.000035
0.000020
-0.000021
0.000029
0.000013
0.000047
-0.000003
0.000003
0.000046
0.000040
-0.000004
-0.000008
0.000030
0.000031
-0.000002
-0.000029
-0.000047
0.000013
0.000045
0.000031
0.000028
0.000031
0.000037
0.000004
-0.000021
0.000020
-0.000022
-0.000029
0.000047
-0.000041
0.000005
-0.000007
0.000021
0.000015
-0.000025
-0.000021
0.000000
-0.000001
0.000036
-0.000000
0.000011
-0.000015
-0.000021
0.000040
0.000021
0.000018
-0.000020
0.000027
-0.000040
0.000036
0.000031
0.000019
0.000036
-0.000022
-0.000032
0.000009
-0.000010
-0.000004
-0.000040
0.000004
0.000018
-0.000007
0.000026
-0.000040
-0.000028
-0.000018
0.000019
-0.000025
-0.000012
-0.000040
0.000002
-0.000002
-0.000039
-0.000035
0.000004
0.000008
-0.000025
-0.000028
0.000001
0.000025
0.000040
-0.000011
-0.000039
-0.000027
-0.000025
-0.000027
-0.000032
-0.000003
0.000019
-0.000018
0.000017
0.000024
-0.000040
0.000036
-0.000058
0.000074
-0.000225
-0.000167
0.000285
0.000226
-0.000018
0.000014
-0.000402
0.000012
-0.000127
0.000171
0.000236
-0.000450
-0.000229
-0.000203
0.000221
-0.000296
0.000446
-0.000403
-0.000336
-0.000210
-0.000391
0.000248
0.000342
-0.000104
0.000105
0.000045
0.000437
-0.000027
-0.000208
0.000087
-0.000293
0.000453
0.000332
0.000201
-0.000205
0.000285
0.000123
0.000453
-0.000021
0.000021
0.000445
0.000384
-0.000044
-0.000077
0.000287
0.000302
-0.000017
-0.000280
-0.000454
0.000130
0.000431
0.000296
0.000269
0.000306
0.000353
0.000039
-0.000212
0.000201
-0.000201
-0.000282
0.000451
-0.000399
0.000011
-0.000013
0.000040
0.000029
-0.000050
-0.000040
0.000004
-0.000004
0.000073
-0.000003
0.000023
-0.000031
-0.000042
0.000080
0.000041
0.000036
-0.000039
0.000054
-0.000079
0.000072
0.000061
0.000037
0.000070
-0.000046
-0.000060
0.000019
-0.000019
-0.000007
-0.000079
0.000004
0.000038
-0.000015
0.000053
-0.000081
-0.000060
-0.000035
0.000036
-0.000050
-0.000021
-0.000082
0.000004
-0.000004
-0.000079
-0.000068
0.000007
0.000014
-0.000051
-0.000053
0.000002
0.000050
0.000082
-0.000024
-0.000077
-0.000054
-0.000048
-0.000055
-0.000064
-0.000008
0.000037
-0.000035
0.000036
0.000050
-0.000080
0.000071
0.000000
-0.000000
0.000000
0.000000
-0.000000
-0.000000
0.000000
-0.000000
-0.000000
-0.000000
0.000000
-0.000000
-0.000000
-0.000000
0.000000
0.000000
-0.000000
0.000001
0.000000
-0.000000
0.000001
0.000000
-0.000000
-0.000000
-0.000001
0.000000
-0.000000
-0.000000
0.000000
0.000000
0.000000
-0.000000
0.000000
0.000000
-0.000001
-0.000000
0.000000
-0.000000
-0.000000
0.000000
0.000000
-0.000000
0.000000
-0.000001
0.000000
0.000000
-0.000000
-0.000001
0.000000
0.000000
-0.000000
-0.000000
0.000000
-0.000001
-0.000000
-0.000001
-0.000001
-0.000000
0.000000
-0.000000
0.000000
0.000000
0.000000
-0.000000
0.000011
-0.000015
0.000043
0.000032
-0.000056
-0.000043
0.000002
-0.000003
0.000078
-0.000003
0.000025
-0.000033
-0.000046
0.000089
0.000046
0.000039
-0.000044
0.000057
-0.000088
0.000078
0.000066
0.000041
0.000077
-0.000048
-0.000067
0.000021
-0.000021
-0.000009
-0.000085
0.000006
0.000040
-0.000018
0.000057
-0.000089
-0.000064
-0.000040
0.000040
-0.000056
-0.000025
-0.000089
0.000005
-0.000005
-0.000087
-0.000075
0.000009
0.000015
-0.000056
-0.000060
0.000003
0.000054
0.000089
-0.000025
-0.000084
-0.000057
-0.000053
-0.000060
-0.000069
-0.000007
0.000041
-0.000040
0.000039
0.000056
-0.000089
0.000078
0.000060
-0.000076
0.000229
0.000169
-0.000290
-0.000229
0.000018
-0.000015
0.000409
-0.000012
0.000130
-0.000174
-0.000240
0.000459
0.000233
0.000206
-0.000227
0.000301
-0.000452
0.000411
0.000342
0.000214
0.000399
-0.000253
-0.000347
0.000106
-0.000109
-0.000046
-0.000446
0.000028
0.000211
-0.000088
0.000297
-0.000460
-0.000337
-0.000204
0.000209
-0.000290
-0.000127
-0.000461
0.000022
-0.000022
-0.000452
-0.000391
0.000042
0.000079
-0.000292
-0.000307
0.000018
0.000285
0.000460
-0.000131
-0.000439
-0.000301
-0.000274
-0.000311
-0.000359
-0.000039
0.000215
-0.000204
0.000204
0.000287
-0.000459
0.000406
-0.000000
0.000000
0.000001
0.000001
-0.000001
-0.000001
0.000000
-0.000000
0.000003
-0.000000
0.000002
-0.000001
-0.000001
0.000003
0.000001
0.000001
-0.000001
0.000001
-0.000004
0.000003
0.000002
0.000001
0.000003
-0.000001
-0.000002
0.000000
-0.000000
-0.000001
-0.000004
0.000000
0.000001
-0.000000
0.000001
-0.000003
-0.000002
-0.000001
0.000001
-0.000001
-0.000001
-0.000003
0.000000
-0.000000
-0.000004
-0.000003
0.000001
0.000000
-0.000001
-0.000001
0.000000
0.000001
0.000003
-0.000002
-0.000004
-0.000001
-0.000001
-0.000001
-0.000002
-0.000001
0.000001
-0.000001
0.000001
0.000001
-0.000003
0.000003
0.000045
-0.000057
0.000174
0.000129
-0.000222
-0.000177
0.000014
-0.000012
0.000312
-0.000010
0.000100
-0.000133
-0.000186
0.000352
0.000179
0.000158
-0.000173
0.000230
-0.000347
0.000315
0.000262
0.000163
0.000304
-0.000194
-0.000266
0.000081
-0.000082
-0.000036
-0.000340
0.000021
0.000162
-0.000067
0.000228
-0.000352
-0.000258
-0.000156
0.000161
-0.000221
-0.000095
-0.000353
0.000018
-0.000018
-0.000347
-0.000299
0.000033
0.000060
-0.000223
-0.000235
0.000014
0.000219
0.000354
-0.000101
-0.000337
-0.000230
-0.000209
-0.000237
-0.000275
-0.000031
0.000166
-0.000157
0.000155
0.000220
-0.000352
0.000311
0.000040
-0.000049
0.000151
0.000113
-0.000191
-0.000152
0.000011
-0.000010
0.000270
-0.000009
0.000085
-0.000114
-0.000159
0.000305
0.000155
0.000136
-0.000150
0.000200
-0.000299
0.000272
0.000227
0.000142
0.000265
-0.000166
-0.000230
0.000069
-0.000071
-0.000030
-0.000295
0.000019
0.000141
-0.000059
0.000197
-0.000306
-0.000223
-0.000135
0.000138
-0.000191
-0.000083
-0.000306
0.000015
-0.000015
-0.000300
-0.000259
0.000029
0.000052
-0.000192
-0.000203
0.000011
0.000188
0.000305
-0.000087
-0.000292
-0.000200
-0.000181
-0.000206
-0.000238
-0.000025
0.000143
-0.000134
0.000135
0.000190
-0.000304
0.000269
-0.000036
0.000046
-0.000138
-0.000102
0.000175
0.000139
-0.000010
0.000009
-0.000247
0.000007
-0.000078
0.000105
0.000146
-0.000278
-0.000142
-0.000124
0.000137
-0.000181
0.000273
-0.000249
-0.000208
-0.000129
-0.000241
0.000153
0.000210
-0.000063
0.000065
0.000027
0.000270
-0.000018
-0.000127
0.000053
-0.000180
0.000277
0.000203
0.000123
-0.000127
0.000175
0.000075
0.000279
-0.000013
0.000013
0.000273
0.000236
-0.000025
-0.000048
0.000177
0.000184
-0.000012
-0.000173
-0.000280
0.000080
0.000266
0.000183
0.000165
0.000188
0.000217
0.000024
-0.000131
0.000123
-0.000123
-0.000173
0.000278
-0.000245
0.000021
-0.000027
0.000083
0.000063
-0.000106
-0.000085
0.000006
-0.000005
0.000150
-0.000004
0.000048
-0.000064
-0.000089
0.000168
0.000085
0.000076
-0.000082
0.000110
-0.000165
0.000149
0.000124
0.000078
0.000145
-0.000092
-0.000127
0.000039
-0.000040
-0.000016
-0.000162
0.000010
0.000077
-0.000032
0.000109
-0.000168
-0.000124
-0.000074
0.000077
-0.000106
-0.000046
-0.000168
0.000008
-0.000008
-0.000165
-0.000142
0.000015
0.000029
-0.000105
-0.000112
0.000008
0.000105
0.000168
-0.000048
-0.000160
-0.000110
-0.000100
-0.000113
-0.000131
-0.000015
0.000079
-0.000073
0.000075
0.000105
-0.000168
0.000148
-0.000046
0.000057
-0.000173
-0.000128
0.000219
0.000175
-0.000013
0.000012
-0.000312
0.000009
-0.000098
0.000131
0.000183
-0.000349
-0.000177
-0.000156
0.000172
-0.000229
0.000344
-0.000312
-0.000260
-0.000162
-0.000304
0.000192
0.000264
-0.000079
0.000081
0.000035
0.000339
-0.000021
-0.000160
0.000068
-0.000226
0.000351
0.000256
0.000155
-0.000159
0.000219
0.000095
0.000350
-0.000018
0.000018
0.000344
0.000296
-0.000034
-0.000060
0.000222
0.000234
-0.000013
-0.000217
-0.000351
0.000099
0.000333
0.000229
0.000208
0.000236
0.000273
0.000031
-0.000164
0.000155
-0.000156
-0.000218
0.000348
-0.000307
0.000046
-0.000059
0.000178
0.000131
-0.000226
-0.000179
0.000013
-0.000011
0.000319
-0.000010
0.000102
-0.000135
-0.000188
0.000357
0.000182
0.000161
-0.000177
0.000234
-0.000352
0.000320
0.000266
0.000166
0.000311
-0.000197
-0.000270
0.000082
-0.000084
-0.000036
-0.000346
0.000021
0.000165
-0.000070
0.000232
-0.000358
-0.000261
-0.000158
0.000162
-0.000226
-0.000099
-0.000359
0.000017
-0.000017
-0.000352
-0.000305
0.000033
0.000062
-0.000228
-0.000240
0.000015
0.000221
0.000358
-0.000102
-0.000343
-0.000234
-0.000213
-0.000242
-0.000280
-0.000031
0.000168
-0.000159
0.000159
0.000222
-0.000357
0.000315
-0.000054
0.000070
-0.000210
-0.000155
0.000265
0.000211
-0.000016
0.000013
-0.000375
0.000011
-0.000120
0.000159
0.000221
-0.000421
-0.000216
-0.000190
0.000208
-0.000276
0.000416
-0.000378
-0.000314
-0.000197
-0.000366
0.000232
0.000319
-0.000096
0.000098
0.000041
0.000408
-0.000026
-0.000194
0.000080
-0.000273
0.000422
0.000309
0.000186
-0.000192
0.000265
0.000115
0.000425
-0.000021
0.000021
0.000416
0.000359
-0.000040
-0.000072
0.000268
0.000281
-0.000017
-0.000261
-0.000424
0.000121
0.000405
0.000276
0.000251
0.000285
0.000329
0.000036
-0.000198
0.000187
-0.000188
-0.000264
0.000421
-0.000372
0.000048
-0.000061
0.000184
0.000136
-0.000234
-0.000185
0.000014
-0.000011
0.000331
-0.000010
0.000104
-0.000141
-0.000195
0.000371
0.000188
0.000167
-0.000183
0.000243
-0.000366
0.000332
0.000276
0.000173
0.000322
-0.000204
-0.000279
0.000085
-0.000087
-0.000036
-0.000358
0.000024
0.000170
-0.000071
0.000240
-0.000372
-0.000272
-0.000165
0.000169
-0.000232
-0.000102
-0.000373
0.000017
-0.000017
-0.000366
-0.000315
0.000035
0.000063
-0.000235
-0.000248
0.000015
0.000230
0.000373
-0.000105
-0.000354
-0.000244
-0.000220
-0.000251
-0.000290
-0.000031
0.000174
-0.000166
0.000165
0.000232
-0.000370
0.000327
-0.000029
0.000036
-0.000112
-0.000082
0.000141
0.000112
-0.000009
0.000008
-0.000199
0.000006
-0.000064
0.000084
0.000118
-0.000224
-0.000114
-0.000099
0.000109
-0.000148
0.000220
-0.000201
-0.000167
-0.000104
-0.000194
0.000123
0.000170
-0.000052
0.000052
0.000022
0.000216
-0.000014
-0.000102
0.000043
-0.000144
0.000225
0.000164
0.000100
-0.000102
0.000141
0.000061
0.000225
-0.000010
0.000010
0.000220
0.000190
-0.000022
-0.000039
0.000142
0.000149
-0.000009
-0.000138
-0.000225
0.000063
0.000214
0.000146
0.000134
0.000152
0.000176
0.000018
-0.000106
0.000100
-0.000100
-0.000141
0.000224
-0.000199
-0.000012
0.000014
-0.000043
-0.000032
0.000053
0.000044
-0.000002
0.000003
-0.000077
0.000003
-0.000025
0.000032
0.000046
-0.000086
-0.000043
-0.000039
0.000042
-0.000057
0.000084
-0.000078
-0.000064
-0.000040
-0.000074
0.000047
0.000065
-0.000021
0.000021
0.000008
0.000084
-0.000006
-0.000039
0.000018
-0.000057
0.000087
0.000064
0.000038
-0.000040
0.000053
0.000023
0.000085
-0.000004
0.000004
0.000084
0.000074
-0.000008
-0.000015
0.000054
0.000058
-0.000003
-0.000054
-0.000086
0.000025
0.000082
0.000056
0.000052
0.000058
0.000067
0.000007
-0.000041
0.000038
-0.000039
-0.000053
0.000086
-0.000076
-0.000038
0.000048
-0.000144
-0.000106
0.000180
0.000145
-0.000010
0.000009
-0.000256
0.000007
-0.000081
0.000108
0.000152
-0.000287
-0.000146
-0.000130
0.000142
-0.000188
0.000285
-0.000259
-0.000216
-0.000135
-0.000251
0.000159
0.000218
-0.000067
0.000068
0.000028
0.000280
-0.000017
-0.000133
0.000056
-0.000188
0.000290
0.000212
0.000128
-0.000131
0.000180
0.000078
0.000290
-0.000014
0.000014
0.000285
0.000245
-0.000029
-0.000049
0.000183
0.000193
-0.000011
-0.000179
-0.000289
0.000082
0.000276
0.000190
0.000172
0.000196
0.000226
0.000025
-0.000137
0.000128
-0.000128
-0.000180
0.000287
-0.000255
0.000060
-0.000076
0.000229
0.000169
-0.000290
-0.000229
0.000018
-0.000014
0.000408
-0.000012
0.000130
-0.000172
-0.000241
0.000458
0.000232
0.000206
-0.000226
0.000300
-0.000453
0.000410
0.000342
0.000214
0.000397
-0.000251
-0.000346
0.000105
-0.000106
-0.000046
-0.000444
0.000029
0.000210
-0.000088
0.000298
-0.000460
-0.000336
-0.000204
0.000207
-0.000289
-0.000126
-0.000460
0.000022
-0.000022
-0.000451
-0.000390
0.000043
0.000079
-0.000291
-0.000307
0.000018
0.000285
0.000460
-0.000132
-0.000439
-0.000301
-0.000273
-0.000310
-0.000357
-0.000038
0.000216
-0.000203
0.000205
0.000287
-0.000458
0.000404
-0.000063
0.000079
-0.000243
-0.000179
0.000306
0.000243
-0.000018
0.000015
-0.000434
0.000013
-0.000137
0.000184
0.000256
-0.000486
-0.000248
-0.000219
0.000241
-0.000320
0.000481
-0.000436
-0.000363
-0.000226
-0.000423
0.000268
0.000369
-0.000111
0.000113
0.000048
0.000473
-0.000030
-0.000225
0.000094
-0.000317
0.000489
0.000357
0.000216
-0.000223
0.000306
0.000133
0.000489
-0.000023
0.000023
0.000481
0.000414
-0.000046
-0.000083
0.000309
0.000325
-0.000018
-0.000302
-0.000490
0.000141
0.000467
0.000319
0.000290
0.000330
0.000381
0.000042
-0.000230
0.000217
-0.000218
-0.000305
0.000487
-0.000430
-0.000035
0.000043
-0.000133
-0.000098
0.000168
0.000134
-0.000010
0.000008
-0.000239
0.000006
-0.000075
0.000101
0.000141
-0.000268
-0.000137
-0.000120
0.000132
-0.000176
0.000263
-0.000239
-0.000200
-0.000124
-0.000232
0.000147
0.000201
-0.000061
0.000063
0.000026
0.000259
-0.000016
-0.000123
0.000052
-0.000173
0.000268
0.000195
0.000118
-0.000122
0.000168
0.000073
0.000269
-0.000014
0.000014
0.000263
0.000228
-0.000025
-0.000046
0.000169
0.000178
-0.000011
-0.000166
-0.000269
0.000076
0.000256
0.000176
0.000159
0.000181
0.000209
0.000024
-0.000127
0.000119
-0.000119
-0.000167
0.000268
-0.000236
-0.000057
0.000075
-0.000221
-0.000165
0.000282
0.000225
-0.000018
0.000015
-0.000399
0.000011
-0.000127
0.000169
0.000235
-0.000447
-0.000228
-0.000201
0.000221
-0.000293
0.000443
-0.000401
-0.000334
-0.000208
-0.000389
0.000246
0.000339
-0.000102
0.000105
0.000045
0.000435
-0.000028
-0.000207
0.000087
-0.000290
0.000449
0.000329
0.000198
-0.000204
0.000281
0.000123
0.000450
-0.000021
0.000022
0.000443
0.000382
-0.000042
-0.000077
0.000286
0.000300
-0.000017
-0.000279
-0.000452
0.000128
0.000429
0.000294
0.000267
0.000304
0.000350
0.000040
-0.000212
0.000198
-0.000200
-0.000280
0.000448
-0.000395
0.000058
-0.000075
0.000228
0.000169
-0.000289
-0.000229
0.000018
-0.000015
0.000410
-0.000012
0.000130
-0.000173
-0.000241
0.000460
0.000234
0.000206
-0.000226
0.000301
-0.000454
0.000411
0.000343
0.000214
0.000399
-0.000253
-0.000349
0.000105
-0.000107
-0.000045
-0.000446
0.000028
0.000212
-0.000089
0.000298
-0.000461
-0.000337
-0.000204
0.000209
-0.000288
-0.000125
-0.000463
0.000021
-0.000022
-0.000454
-0.000392
0.000043
0.000079
-0.000292
-0.000309
0.000018
0.000285
0.000464
-0.000131
-0.000440
-0.000302
-0.000274
-0.000312
-0.000361
-0.000039
0.000216
-0.000204
0.000204
0.000287
-0.000460
0.000406
0.000042
-0.000054
0.000162
0.000121
-0.000205
-0.000163
0.000011
-0.000010
0.000290
-0.000009
0.000092
-0.000124
-0.000171
0.000326
0.000166
0.000145
-0.000161
0.000212
-0.000322
0.000291
0.000244
0.000152
0.000282
-0.000179
-0.000247
0.000074
-0.000077
-0.000032
-0.000315
0.000021
0.000150
-0.000064
0.000212
-0.000327
-0.000240
-0.000145
0.000150
-0.000205
-0.000089
-0.000327
0.000015
-0.000015
-0.000322
-0.000276
0.000031
0.000056
-0.000207
-0.000218
0.000014
0.000202
0.000327
-0.000094
-0.000312
-0.000214
-0.000194
-0.000221
-0.000255
-0.000028
0.000154
-0.000144
0.000144
0.000204
-0.000326
0.000287
-0.000055
0.000069
-0.000211
-0.000156
0.000267
0.000211
-0.000015
0.000013
-0.000379
0.000011
-0.000119
0.000160
0.000222
-0.000425
-0.000216
-0.000190
0.000209
-0.000278
0.000419
-0.000379
-0.000317
-0.000198
-0.000368
0.000234
0.000322
-0.000098
0.000100
0.000042
0.000412
-0.000025
-0.000194
0.000081
-0.000275
0.000427
0.000312
0.000187
-0.000194
0.000267
0.000115
0.000426
-0.000020
0.000020
0.000419
0.000362
-0.000040
-0.000074
0.000271
0.000283
-0.000018
-0.000264
-0.000427
0.000122
0.000408
0.000280
0.000253
0.000288
0.000333
0.000036
-0.000200
0.000187
-0.000190
-0.000264
0.000425
-0.000376
-0.000020
0.000025
-0.000077
-0.000056
0.000096
0.000077
-0.000006
0.000005
-0.000137
0.000004
-0.000043
0.000057
0.000081
-0.000155
-0.000077
-0.000070
0.000076
-0.000099
0.000151
-0.000138
-0.000114
-0.000071
-0.000133
0.000084
0.000117
-0.000035
0.000036
0.000015
0.000149
-0.000009
-0.000071
0.000029
-0.000100
0.000153
0.000112
0.000067
-0.000070
0.000096
0.000042
0.000155
-0.000007
0.000007
0.000151
0.000131
-0.000015
-0.000026
0.000098
0.000103
-0.000006
-0.000095
-0.000155
0.000043
0.000148
0.000102
0.000091
0.000104
0.000121
0.000013
-0.000072
0.000068
-0.000067
-0.000096
0.000154
-0.000135
0.000011
-0.000015
0.000046
0.000033
-0.000058
-0.000046
0.000003
-0.000003
0.000082
-0.000004
0.000025
-0.000035
-0.000048
0.000092
0.000046
0.000041
-0.000045
0.000059
-0.000090
0.000081
0.000068
0.000042
0.000080
-0.000050
-0.000070
0.000020
-0.000022
-0.000009
-0.000089
0.000006
0.000042
-0.000017
0.000059
-0.000092
-0.000067
-0.000040
0.000041
-0.000058
-0.000025
-0.000092
0.000004
-0.000004
-0.000090
-0.000078
0.000009
0.000016
-0.000058
-0.000060
0.000003
0.000057
0.000092
-0.000025
-0.000087
-0.000059
-0.000054
-0.000062
-0.000071
-0.000007
0.000044
-0.000040
0.000041
0.000056
-0.000092
0.000081
0.000006
-0.000007
0.000025
0.000017
-0.000031
-0.000025
0.000002
-0.000000
0.000044
-0.000001
0.000013
-0.000018
-0.000026
0.000049
0.000025
0.000021
-0.000023
0.000032
-0.000048
0.000043
0.000036
0.000023
0.000042
-0.000027
-0.000036
0.000012
-0.000011
-0.000005
-0.000046
0.000004
0.000021
-0.000009
0.000032
-0.000048
-0.000034
-0.000022
0.000022
-0.000031
-0.000013
-0.000048
0.000003
-0.000003
-0.000048
-0.000041
0.000004
0.000008
-0.000031
-0.000032
0.000002
0.000031
0.000048
-0.000014
-0.000046
-0.000032
-0.000029
-0.000033
-0.000038
-0.000004
0.000023
-0.000022
0.000021
0.000031
-0.000049
0.000043
-0.000020
0.000024
-0.000077
-0.000057
0.000098
0.000077
-0.000006
0.000005
-0.000138
0.000004
-0.000043
0.000057
0.000081
-0.000155
-0.000078
-0.000071
0.000077
-0.000102
0.000152
-0.000138
-0.000116
-0.000071
-0.000134
0.000086
0.000117
-0.000035
0.000036
0.000015
0.000149
-0.000010
-0.000071
0.000030
-0.000099
0.000156
0.000113
0.000067
-0.000071
0.000098
0.000042
0.000156
-0.000007
0.000007
0.000152
0.000131
-0.000015
-0.000027
0.000098
0.000103
-0.000006
-0.000096
-0.000156
0.000045
0.000148
0.000102
0.000092
0.000104
0.000120
0.000013
-0.000073
0.000067
-0.000070
-0.000097
0.000155
-0.000136
0.000002
-0.000003
0.000009
0.000006
-0.000011
-0.000008
0.000000
-0.000000
0.000015
-0.000000
0.000005
-0.000006
-0.000009
0.000017
0.000008
0.000007
-0.000009
0.000012
-0.000016
0.000015
0.000013
0.000007
0.000015
-0.000009
-0.000014
0.000004
-0.000004
-0.000001
-0.000016
0.000000
0.000007
-0.000002
0.000010
-0.000017
-0.000012
-0.000007
0.000007
-0.000011
-0.000004
-0.000018
0.000002
-0.000002
-0.000016
-0.000014
0.000001
0.000003
-0.000011
-0.000012
0.000000
0.000010
0.000018
-0.000005
-0.000015
-0.000012
-0.000010
-0.000011
-0.000013
-0.000001
0.000007
-0.000007
0.000007
0.000011
-0.000017
0.000014
0.000035
-0.000046
0.000134
0.000100
-0.000170
-0.000135
0.000010
-0.000008
0.000241
-0.000007
0.000077
-0.000102
-0.000142
0.000271
0.000137
0.000121
-0.000134
0.000176
-0.000267
0.000242
0.000201
0.000127
0.000235
-0.000148
-0.000205
0.000063
-0.000064
-0.000027
-0.000262
0.000018
0.000123
-0.000053
0.000175
-0.000272
-0.000199
-0.000120
0.000124
-0.000171
-0.000074
-0.000272
0.000013
-0.000013
-0.000268
-0.000231
0.000025
0.000046
-0.000172
-0.000181
0.000010
0.000168
0.000273
-0.000079
-0.000260
-0.000178
-0.000161
-0.000184
-0.000211
-0.000023
0.000128
-0.000120
0.000120
0.000170
-0.000270
0.000238
0.000023
-0.000029
0.000090
0.000067
-0.000115
-0.000091
0.000007
-0.000006
0.000161
-0.000004
0.000052
-0.000068
-0.000096
0.000182
0.000092
0.000082
-0.000090
0.000120
-0.000178
0.000163
0.000135
0.000084
0.000156
-0.000100
-0.000138
0.000041
-0.000042
-0.000018
-0.000177
0.000010
0.000084
-0.000035
0.000118
-0.000182
-0.000134
-0.000081
0.000082
-0.000115
-0.000048
-0.000181
0.000009
-0.000009
-0.000178
-0.000154
0.000018
0.000033
-0.000117
-0.000121
0.000007
0.000112
0.000181
-0.000052
-0.000175
-0.000119
-0.000110
-0.000124
-0.000142
-0.000015
0.000086
-0.000080
0.000081
0.000113
-0.000182
0.000160
0.000033
-0.000043
0.000126
0.000093
-0.000159
-0.000126
0.000009
-0.000007
0.000226
-0.000007
0.000071
-0.000096
-0.000133
0.000254
0.000128
0.000114
-0.000124
0.000166
-0.000249
0.000226
0.000189
0.000117
0.000220
-0.000138
-0.000192
0.000057
-0.000060
-0.000026
-0.000245
0.000015
0.000116
-0.000050
0.000163
-0.000255
-0.000184
-0.000112
0.000116
-0.000159
-0.000070
-0.000255
0.000011
-0.000011
-0.000249
-0.000216
0.000024
0.000042
-0.000162
-0.000170
0.000011
0.000156
0.000255
-0.000073
-0.000243
-0.000167
-0.000151
-0.000171
-0.000198
-0.000021
0.000121
-0.000112
0.000113
0.000158
-0.000254
0.000224
-0.000015
0.000019
-0.000058
-0.000042
0.000073
0.000057
-0.000005
0.000003
-0.000103
0.000003
-0.000033
0.000044
0.000060
-0.000114
-0.000060
-0.000052
0.000057
-0.000075
0.000114
-0.000103
-0.000086
-0.000053
-0.000100
0.000064
0.000088
-0.000026
0.000028
0.000011
0.000112
-0.000007
-0.000053
0.000022
-0.000075
0.000116
0.000084
0.000051
-0.000052
0.000073
0.000031
0.000117
-0.000006
0.000006
0.000114
0.000100
-0.000012
-0.000020
0.000074
0.000077
-0.000004
-0.000071
-0.000117
0.000033
0.000110
0.000076
0.000068
0.000078
0.000091
0.000011
-0.000054
0.000052
-0.000053
-0.000071
0.000115
-0.000103
-0.000021
0.000027
-0.000081
-0.000060
0.000102
0.000081
-0.000007
0.000003
-0.000144
0.000004
-0.000046
0.000060
0.000085
-0.000162
-0.000082
-0.000073
0.000079
-0.000107
0.000160
-0.000146
-0.000120
-0.000075
-0.000142
0.000089
0.000123
-0.000038
0.000038
0.000016
0.000158
-0.000011
-0.000074
0.000031
-0.000106
0.000163
0.000119
0.000072
-0.000074
0.000102
0.000045
0.000163
-0.000007
0.000007
0.000160
0.000138
-0.000015
-0.000027
0.000103
0.000109
-0.000006
-0.000099
-0.000163
0.000046
0.000157
0.000105
0.000096
0.000111
0.000126
0.000015
-0.000077
0.000071
-0.000072
-0.000101
0.000162
-0.000143
0.000017
-0.000021
0.000068
0.000049
-0.000085
-0.000068
0.000004
-0.000005
0.000121
-0.000004
0.000038
-0.000051
-0.000071
0.000135
0.000070
0.000061
-0.000066
0.000088
-0.000134
0.000121
0.000102
0.000064
0.000117
-0.000074
-0.000102
0.000031
-0.000032
-0.000013
-0.000131
0.000008
0.000062
-0.000025
0.000089
-0.000135
-0.000099
-0.000059
0.000062
-0.000085
-0.000037
-0.000136
0.000008
-0.000008
-0.000133
-0.000115
0.000014
0.000023
-0.000085
-0.000090
0.000006
0.000084
0.000136
-0.000039
-0.000130
-0.000089
-0.000081
-0.000092
-0.000106
-0.000011
0.000063
-0.000060
0.000061
0.000084
-0.000134
0.000120
-0.000042
0.000053
-0.000160
-0.000119
0.000203
0.000161
-0.000011
0.000010
-0.000286
0.000009
-0.000091
0.000121
0.000169
-0.000322
-0.000163
-0.000144
0.000158
-0.000212
0.000319
-0.000288
-0.000240
-0.000150
-0.000279
0.000176
0.000244
-0.000073
0.000075
0.000032
0.000312
-0.000020
-0.000148
0.000062
-0.000209
0.000323
0.000236
0.000143
-0.000146
0.000203
0.000088
0.000324
-0.000015
0.000015
0.000319
0.000275
-0.000031
-0.000055
0.000204
0.000216
-0.000014
-0.000200
-0.000324
0.000092
0.000308
0.000211
0.000191
0.000219
0.000252
0.000028
-0.000152
0.000142
-0.000144
-0.000202
0.000322
-0.000284
-0.000008
0.000008
-0.000025
-0.000018
0.000031
0.000026
-0.000002
0.000001
-0.000045
0.000001
-0.000014
0.000019
0.000026
-0.000051
-0.000026
-0.000023
0.000025
-0.000033
0.000049
-0.000046
-0.000038
-0.000024
-0.000043
0.000027
0.000038
-0.000011
0.000011
0.000004
0.000049
-0.000003
-0.000023
0.000010
-0.000034
0.000050
0.000038
0.000023
-0.000024
0.000031
0.000014
0.000051
-0.000004
0.000004
0.000049
0.000044
-0.000005
-0.000009
0.000032
0.000034
-0.000003
-0.000031
-0.000051
0.000015
0.000048
0.000034
0.000030
0.000035
0.000039
0.000004
-0.000024
0.000023
-0.000023
-0.000032
0.000051
-0.000045
0.000033
-0.000043
0.000127
0.000094
-0.000163
-0.000127
0.000010
-0.000008
0.000230
-0.000008
0.000072
-0.000097
-0.000134
0.000257
0.000130
0.000116
-0.000127
0.000169
-0.000252
0.000230
0.000191
0.000120
0.000223
-0.000142
-0.000195
0.000059
-0.000060
-0.000024
-0.000249
0.000016
0.000119
-0.000049
0.000167
-0.000258
-0.000188
-0.000114
0.000117
-0.000163
-0.000070
-0.000259
0.000014
-0.000014
-0.000253
-0.000219
0.000025
0.000045
-0.000163
-0.000171
0.000010
0.000159
0.000259
-0.000075
-0.000246
-0.000169
-0.000152
-0.000174
-0.000202
-0.000021
0.000121
-0.000114
0.000114
0.000161
-0.000257
0.000227
-0.000046
0.000060
-0.000179
-0.000133
0.000227
0.000181
-0.000013
0.000011
-0.000321
0.000010
-0.000101
0.000136
0.000190
-0.000360
-0.000183
-0.000162
0.000178
-0.000236
0.000356
-0.000323
-0.000268
-0.000167
-0.000312
0.000198
0.000273
-0.000082
0.000084
0.000036
0.000349
-0.000021
-0.000167
0.000069
-0.000233
0.000361
0.000263
0.000159
-0.000164
0.000227
0.000098
0.000362
-0.000017
0.000017
0.000354
0.000308
-0.000035
-0.000062
0.000229
0.000241
-0.000014
-0.000223
-0.000362
0.000103
0.000345
0.000236
0.000215
0.000243
0.000282
0.000031
-0.000170
0.000159
-0.000161
-0.000225
0.000360
-0.000318
-0.000061
0.000077
-0.000237
-0.000175
0.000300
0.000238
-0.000017
0.000015
-0.000425
0.000013
-0.000134
0.000180
0.000250
-0.000476
-0.000242
-0.000215
0.000235
-0.000313
0.000471
-0.000427
-0.000356
-0.000223
-0.000414
0.000261
0.000360
-0.000110
0.000111
0.000048
0.000462
-0.000029
-0.000219
0.000092
-0.000310
0.000478
0.000350
0.000211
-0.000217
0.000300
0.000130
0.000478
-0.000024
0.000024
0.000470
0.000405
-0.000045
-0.000082
0.000304
0.000318
-0.000018
-0.000296
-0.000478
0.000137
0.000456
0.000313
0.000283
0.000323
0.000373
0.000041
-0.000224
0.000212
-0.000211
-0.000297
0.000476
-0.000420
0.000006
-0.000007
0.000022
0.000016
-0.000028
-0.000022
0.000001
-0.000001
0.000040
-0.000001
0.000014
-0.000018
-0.000023
0.000045
0.000023
0.000021
-0.000021
0.000030
-0.000043
0.000040
0.000034
0.000021
0.000039
-0.000025
-0.000034
0.000010
-0.000011
-0.000004
-0.000043
0.000003
0.000021
-0.000009
0.000029
-0.000046
-0.000034
-0.000020
0.000020
-0.000028
-0.000012
-0.000046
0.000002
-0.000002
-0.000043
-0.000038
0.000005
0.000007
-0.000029
-0.000030
0.000001
0.000027
0.000045
-0.000014
-0.000043
-0.000029
-0.000026
-0.000031
-0.000036
-0.000004
0.000022
-0.000020
0.000020
0.000028
-0.000046
0.000040
0.000010
-0.000014
0.000039
0.000029
-0.000050
-0.000040
0.000004
-0.000004
0.000070
-0.000002
0.000021
-0.000028
-0.000041
0.000079
0.000039
0.000036
-0.000040
0.000051
-0.000077
0.000070
0.000058
0.000036
0.000068
-0.000044
-0.000060
0.000018
-0.000019
-0.000008
-0.000076
0.000005
0.000036
-0.000015
0.000050
-0.000078
-0.000058
-0.000035
0.000036
-0.000050
-0.000022
-0.000078
0.000003
-0.000003
-0.000077
-0.000067
0.000007
0.000013
-0.000049
-0.000053
0.000003
0.000049
0.000078
-0.000023
-0.000075
-0.000052
-0.000047
-0.000053
-0.000061
-0.000007
0.000037
-0.000035
0.000035
0.000050
-0.000079
0.000071
-0.000018
0.000023
-0.000070
-0.000051
0.000089
0.000069
-0.000005
0.000004
-0.000125
0.000004
-0.000039
0.000052
0.000074
-0.000140
-0.000071
-0.000063
0.000069
-0.000092
0.000138
-0.000125
-0.000104
-0.000065
-0.000120
0.000077
0.000106
-0.000031
0.000033
0.000013
0.000136
-0.000009
-0.000063
0.000028
-0.000090
0.000139
0.000104
0.000062
-0.000064
0.000089
0.000037
0.000140
-0.000007
0.000007
0.000138
0.000119
-0.000013
-0.000024
0.000088
0.000092
-0.000005
-0.000087
-0.000141
0.000040
0.000134
0.000092
0.000082
0.000094
0.000109
0.000011
-0.000066
0.000062
-0.000062
-0.000088
0.000139
-0.000123
0.000045
-0.000057
0.000170
0.000127
-0.000217
-0.000172
0.000014
-0.000010
0.000307
-0.000009
0.000097
-0.000131
-0.000181
0.000345
0.000175
0.000155
-0.000169
0.000225
-0.000340
0.000308
0.000257
0.000160
0.000299
-0.000190
-0.000261
0.000079
-0.000081
-0.000034
-0.000333
0.000021
0.000158
-0.000067
0.000223
-0.000345
-0.000252
-0.000152
0.000155
-0.000217
-0.000094
-0.000346
0.000016
-0.000016
-0.000341
-0.000293
0.000032
0.000060
-0.000219
-0.000230
0.000013
0.000215
0.000347
-0.000098
-0.000330
-0.000226
-0.000205
-0.000233
-0.000269
-0.000028
0.000162
-0.000152
0.000153
0.000215
-0.000345
0.000303
0.000038
-0.000047
0.000145
0.000107
-0.000182
-0.000146
0.000010
-0.000009
0.000259
-0.000007
0.000082
-0.000111
-0.000152
0.000291
0.000148
0.000131
-0.000143
0.000191
-0.000287
0.000260
0.000217
0.000136
0.000253
-0.000159
-0.000220
0.000066
-0.000067
-0.000029
-0.000281
0.000018
0.000133
-0.000056
0.000189
-0.000292
-0.000213
-0.000129
0.000131
-0.000182
-0.000080
-0.000292
0.000015
-0.000015
-0.000287
-0.000248
0.000027
0.000050
-0.000185
-0.000195
0.000011
0.000182
0.000291
-0.000085
-0.000279
-0.000192
-0.000172
-0.000198
-0.000228
-0.000025
0.000137
-0.000129
0.000131
0.000181
-0.000291
0.000256
0.000008
-0.000011
0.000031
0.000023
-0.000039
-0.000032
0.000003
-0.000002
0.000057
-0.000001
0.000018
-0.000023
-0.000033
0.000064
0.000032
0.000029
-0.000032
0.000043
-0.000063
0.000057
0.000047
0.000028
0.000056
-0.000035
-0.000048
0.000015
-0.000015
-0.000006
-0.000061
0.000004
0.000029
-0.000012
0.000041
-0.000064
-0.000046
-0.000028
0.000029
-0.000039
-0.000017
-0.000064
0.000003
-0.000003
-0.000063
-0.000053
0.000007
0.000012
-0.000040
-0.000042
0.000004
0.000039
0.000064
-0.000018
-0.000061
-0.000041
-0.000037
-0.000043
-0.000049
-0.000005
0.000030
-0.000028
0.000029
0.000039
-0.000064
0.000057
-0.000038
0.000047
-0.000145
-0.000107
0.000182
0.000146
-0.000010
0.000009
-0.000259
0.000007
-0.000082
0.000110
0.000152
-0.000291
-0.000148
-0.000130
0.000143
-0.000191
0.000287
-0.000260
-0.000217
-0.000136
-0.000253
0.000159
0.000220
-0.000067
0.000067
0.000029
0.000281
-0.000018
-0.000133
0.000056
-0.000189
0.000292
0.000213
0.000129
-0.000131
0.000182
0.000080
0.000292
-0.000015
0.000015
0.000287
0.000248
-0.000027
-0.000050
0.000185
0.000195
-0.000011
-0.000181
-0.000292
0.000085
0.000279
0.000192
0.000172
0.000198
0.000228
0.000025
-0.000137
0.000129
-0.000131
-0.000181
0.000291
-0.000257
0.000003
-0.000004
0.000009
0.000007
-0.000011
-0.000009
0.000001
-0.000000
0.000016
-0.000000
0.000005
-0.000008
-0.000010
0.000019
0.000010
0.000008
-0.000009
0.000011
-0.000018
0.000017
0.000014
0.000009
0.000016
-0.000010
-0.000015
0.000005
-0.000004
-0.000002
-0.000018
0.000001
0.000008
-0.000003
0.000011
-0.000019
-0.000013
-0.000009
0.000008
-0.000011
-0.000003
-0.000019
0.000001
-0.000001
-0.000018
-0.000016
0.000001
0.000002
-0.000011
-0.000012
0.000002
0.000011
0.000019
-0.000006
-0.000017
-0.000012
-0.000012
-0.000013
-0.000015
-0.000001
0.000009
-0.000009
0.000009
0.000011
-0.000019
0.000017
0.000006
-0.000007
0.000022
0.000018
-0.000029
-0.000023
0.000001
-0.000001
0.000040
-0.000001
0.000013
-0.000017
-0.000024
0.000045
0.000023
0.000021
-0.000023
0.000030
-0.000045
0.000042
0.000035
0.000021
0.000039
-0.000025
-0.000035
0.000011
-0.000010
-0.000004
-0.000043
0.000003
0.000022
-0.000010
0.000028
-0.000046
-0.000033
-0.000021
0.000021
-0.000029
-0.000013
-0.000046
0.000003
-0.000003
-0.000045
-0.000039
0.000004
0.000007
-0.000029
-0.000031
0.000002
0.000028
0.000046
-0.000014
-0.000043
-0.000030
-0.000029
-0.000031
-0.000036
-0.000004
0.000021
-0.000021
0.000020
0.000029
-0.000045
0.000040
0.000016
-0.000021
0.000061
0.000046
-0.000079
-0.000061
0.000004
-0.000004
0.000110
-0.000003
0.000035
-0.000046
-0.000065
0.000123
0.000062
0.000056
-0.000061
0.000081
-0.000122
0.000111
0.000092
0.000058
0.000106
-0.000069
-0.000092
0.000029
-0.000029
-0.000012
-0.000120
0.000007
0.000057
-0.000023
0.000080
-0.000124
-0.000090
-0.000055
0.000056
-0.000079
-0.000033
-0.000124
0.000006
-0.000006
-0.000121
-0.000105
0.000011
0.000022
-0.000078
-0.000082
0.000005
0.000077
0.000124
-0.000035
-0.000118
-0.000082
-0.000074
-0.000084
-0.000097
-0.000010
0.000057
-0.000055
0.000056
0.000078
-0.000123
0.000108
-0.000001
0.000001
-0.000004
-0.000003
0.000006
0.000004
0.000000
-0.000000
-0.000009
0.000001
-0.000003
0.000004
0.000005
-0.000010
-0.000004
-0.000004
0.000005
-0.000007
0.000010
-0.000009
-0.000007
-0.000004
-0.000008
0.000006
0.000007
-0.000003
0.000003
0.000001
0.000010
-0.000000
-0.000004
0.000002
-0.000006
0.000010
0.000006
0.000004
-0.000004
0.000006
0.000003
0.000010
-0.000000
0.000000
0.000010
0.000008
-0.000001
-0.000001
0.000006
0.000008
0.000000
-0.000006
-0.000010
0.000003
0.000009
0.000007
0.000006
0.000007
0.000007
0.000002
-0.000004
0.000004
-0.000004
-0.000006
0.000010
-0.000009
0.000022
-0.000028
0.000085
0.000064
-0.000108
-0.000085
0.000006
-0.000006
0.000153
-0.000004
0.000049
-0.000064
-0.000090
0.000172
0.000087
0.000078
-0.000084
0.000112
-0.000170
0.000154
0.000128
0.000081
0.000149
-0.000094
-0.000130
0.000039
-0.000040
-0.000018
-0.000166
0.000011
0.000078
-0.000033
0.000111
-0.000172
-0.000126
-0.000075
0.000078
-0.000108
-0.000046
-0.000172
0.000009
-0.000009
-0.000170
-0.000147
0.000017
0.000029
-0.000109
-0.000114
0.000007
0.000105
0.000172
-0.000049
-0.000164
-0.000113
-0.000102
-0.000117
-0.000134
-0.000014
0.000081
-0.000076
0.000077
0.000107
-0.000172
0.000152
0.000022
-0.000027
0.000081
0.000060
-0.000102
-0.000081
0.000006
-0.000005
0.000145
-0.000004
0.000046
-0.000063
-0.000085
0.000164
0.000083
0.000075
-0.000081
0.000107
-0.000161
0.000146
0.000121
0.000076
0.000142
-0.000090
-0.000123
0.000038
-0.000038
-0.000017
-0.000159
0.000010
0.000075
-0.000032
0.000106
-0.000164
-0.000120
-0.000073
0.000074
-0.000102
-0.000045
-0.000164
0.000007
-0.000007
-0.000161
-0.000138
0.000015
0.000028
-0.000105
-0.000109
0.000007
0.000102
0.000164
-0.000046
-0.000157
-0.000107
-0.000097
-0.000110
-0.000128
-0.000014
0.000077
-0.000072
0.000073
0.000102
-0.000164
0.000145
0.000000
-0.000000
-0.000001
-0.000002
0.000000
0.000001
-0.000000
0.000000
-0.000002
0.000000
-0.000000
0.000002
0.000001
-0.000003
-0.000001
-0.000000
0.000001
-0.000000
0.000003
-0.000002
-0.000001
-0.000000
-0.000002
0.000001
0.000001
-0.000000
0.000000
0.000001
0.000002
-0.000000
-0.000000
-0.000000
-0.000000
0.000003
0.000001
0.000000
-0.000000
0.000000
0.000000
0.000003
-0.000000
0.000000
0.000003
0.000002
-0.000000
0.000000
0.000000
0.000000
-0.000000
-0.000001
-0.000003
0.000000
0.000002
0.000000
0.000001
0.000000
0.000001
0.000000
-0.000000
0.000000
-0.000000
-0.000001
0.000003
-0.000002
0.000009
-0.000011
0.000036
0.000027
-0.000046
-0.000036
0.000003
-0.000003
0.000065
-0.000002
0.000020
-0.000027
-0.000037
0.000072
0.000038
0.000033
-0.000036
0.000048
-0.000071
0.000065
0.000054
0.000034
0.000063
-0.000039
-0.000055
0.000018
-0.000017
-0.000007
-0.000070
0.000004
0.000034
-0.000015
0.000047
-0.000073
-0.000054
-0.000032
0.000033
-0.000046
-0.000020
-0.000073
0.000003
-0.000003
-0.000071
-0.000062
0.000008
0.000013
-0.000046
-0.000048
0.000003
0.000045
0.000073
-0.000021
-0.000070
-0.000047
-0.000044
-0.000049
-0.000057
-0.000006
0.000035
-0.000032
0.000032
0.000046
-0.000072
0.000063
0.107595
0.427892
-0.267956
0.112177
-0.005673
-0.356386
-0.001006
-0.000978
0.000403
0.000542
0.000293
0.001160
0.001715
-0.000175
0.000151
-0.001721
0.000301
0.000001
0.000328
0.001752
0.000010
0.001327
0.001144
-0.001041
0.000624
-0.001317
0.001351
-0.001603
0.001401
-0.000838
-0.000321
-0.001083
0.001749
-0.001866
-0.001002
-0.001710
0.001756
0.001228
-0.001616
-0.000573
0.000339
0.000180
-0.000576
0.000061
0.001016
0.000678
0.000949
-0.000431
-0.000605
0.000505
-0.001212
-0.000190
0.000963
-0.001361
-0.001824
0.000167
0.000291
-0.000520
0.001298
0.001094
0.000236
-0.001093
0.000069
0.000170
0.000459
-0.000036
0.000639
0.000609
-0.000008
0.000270
-0.025752
-0.025036
0.010387
0.013913
0.007548
0.029641
0.043460
-0.004519
0.003881
-0.043628
0.007731
0.000032
0.008439
0.044390
0.000249
0.033830
0.029217
-0.026640
0.016029
-0.033571
0.034416
-0.040713
0.035685
-0.021476
-0.008244
-0.027682
0.044305
-0.047187
-0.025648
-0.043325
0.044488
0.031346
-0.041017
-0.014725
0.008752
0.004632
-0.014807
0.001592
0.026001
0.017390
0.024281
-0.011048
-0.015522
0.012971
-0.030964
-0.004857
0.024661
-0.034666
-0.046139
0.004293
0.007498
-0.013361
0.033108
0.027939
0.006068
-0.027937
0.001771
0.004375
0.011808
-0.000939
0.016411
0.015654
-0.000217
0.006946
0.016175
0.015725
-0.006523
-0.008738
-0.004740
-0.018619
-0.027307
0.002837
-0.002436
0.027412
-0.004855
-0.000020
-0.005300
-0.027891
-0.000157
-0.021251
-0.018352
0.016734
-0.010067
0.021089
-0.021619
0.025579
-0.022416
0.013489
0.005177
0.017387
-0.027837
0.029650
0.016110
0.027221
-0.027952
-0.019691
0.025770
0.009250
-0.005497
-0.002910
0.009299
-0.001000
-0.016332
-0.010922
-0.015250
0.006939
0.009749
-0.008147
0.019450
0.003050
-0.015489
0.021777
0.028990
-0.002696
-0.004709
0.008392
-0.020797
-0.017550
-0.003811
0.017548
-0.001112
-0.002747
-0.007416
0.000590
-0.010307
-0.009832
0.000136
-0.004362
-0.003339
-0.003245
0.001347
0.001802
0.000977
0.003843
0.005641
-0.000585
0.000501
-0.005663
0.001002
0.000005
0.001093
0.005762
0.000031
0.004388
0.003787
-0.003453
0.002077
-0.004354
0.004463
-0.005285
0.004629
-0.002784
-0.001068
-0.003588
0.005752
-0.006128
-0.003324
-0.005623
0.005775
0.004064
-0.005322
-0.001908
0.001133
0.000600
-0.001918
0.000206
0.003370
0.002253
0.003147
-0.001432
-0.002011
0.001681
-0.004015
-0.000630
0.003196
-0.004497
-0.005990
0.000555
0.000971
-0.001731
0.004294
0.003622
0.000786
-0.003621
0.000229
0.000567
0.001529
-0.000121
0.002126
0.002029
-0.000029
0.000900
-0.003289
-0.003198
0.001325
0.001776
0.000963
0.003787
0.005560
-0.000576
0.000494
-0.005583
0.000985
0.000003
0.001078
0.005681
0.000032
0.004323
0.003732
-0.003403
0.002046
-0.004291
0.004398
-0.005208
0.004562
-0.002742
-0.001051
-0.003535
0.005670
-0.006041
-0.003276
-0.005543
0.005693
0.004006
-0.005247
-0.001879
0.001117
0.000591
-0.001890
0.000203
0.003320
0.002219
0.003101
-0.001410
-0.001981
0.001655
-0.003956
-0.000620
0.003149
-0.004432
-0.005906
0.000547
0.000957
-0.001707
0.004231
0.003568
0.000774
-0.003569
0.000226
0.000557
0.001506
-0.000120
0.002094
0.001999
-0.000028
0.000887
0.017210
0.016731
-0.006939
-0.009295
-0.005042
-0.019812
-0.029071
0.003018
-0.002592
0.029184
-0.005165
-0.000022
-0.005637
-0.029694
-0.000166
-0.022617
-0.019530
0.017804
-0.010710
0.022442
-0.023009
0.027228
-0.023859
0.014351
0.005507
0.018502
-0.029638
0.031572
0.017141
0.028980
-0.029761
-0.020954
0.027433
0.009838
-0.005847
-0.003094
0.009892
-0.001063
-0.017376
-0.011619
-0.016226
0.007381
0.010370
-0.008665
0.020697
0.003245
-0.016480
0.023176
0.030868
-0.002867
-0.005009
0.008926
-0.022133
-0.018674
-0.004053
0.018672
-0.001184
-0.002922
-0.007888
0.000628
-0.010964
-0.010459
0.000145
-0.004639
