-0.093014
0.028118
0.069565
-0.094213
-0.031496
-0.096456
0.095882
0.081922
-0.042619
-0.088141
-0.067652
0.039472
-0.097808
-0.072670
0.071458
-0.081327
-0.005020
-0.069509
0.080897
-0.061244
0.045817
0.050895
-0.091184
0.086749
-0.052321
0.011116
-0.056139
-0.089383
-0.060277
-0.036706
-0.097926
0.004802
-0.043507
0.063064
-0.014685
0.073738
-0.072161
-0.049387
0.051199
0.027424
-0.094307
0.058036
0.064372
-0.056983
-0.085225
0.073239
0.045127
0.038186
-0.062949
0.041923
-0.025467
-0.010702
-0.016830
0.071215
-0.040216
0.077516
0.044948
-0.069439
-0.065590
-0.032772
0.049456
-0.060823
0.006239
-0.072899
0.000000
0.000963
0.004168
0.000000
0.000000
0.000000
0.000000
0.000000
0.000000
0.000000
0.000000
-0.001285
0.000000
0.000000
0.000000
0.000000
0.000000
0.000000
-0.001285
0.000000
0.000000
0.000000
0.000000
0.000000
0.000000
-0.001285
0.000000
0.000000
0.000000
0.000000
0.000000
-0.001285
0.000000
0.000000
0.000000
0.000000
0.000000
0.000000
-0.001285
0.000000
0.000000
0.000000
0.000000
0.000000
0.000000
-0.001285
0.000000
0.000000
0.000000
0.000000
0.000000
0.000000
-0.001285
0.000000
-0.000291
-0.001259
0.000000
0.000000
0.000000
0.000000
0.000000
0.000000
0.000000
0.000000
0.000388
0.000000
0.000000
0.000000
0.000000
0.000000
0.000000
0.000388
0.000000
0.000000
0.000000
0.000000
0.000000
0.000000
0.000388
0.000000
0.000000
0.000000
0.000000
0.000000
0.000388
0.000000
0.000000
0.000000
0.000000
0.000000
0.000000
0.000388
0.000000
0.000000
0.000000
0.000000
0.000000
0.000000
0.000388
0.000000
0.000000
0.000000
0.000000
0.000000
0.000000
0.000388
0.000000
-0.000719
-0.003123
0.000000
0.000000
0.000000
0.000000
0.000000
0.000000
0.000000
0.000000
0.000958
0.000000
0.000000
0.000000
0.000000
0.000000
0.000000
0.000958
0.000000
0.000000
0.000000
0.000000
0.000000
0.000000
0.000958
0.000000
0.000000
0.000000
0.000000
0.000000
0.000958
0.000000
0.000000
0.000000
0.000000
0.000000
0.000000
0.000958
0.000000
0.000000
0.000000
0.000000
0.000000
0.000000
0.000958
0.000000
0.000000
0.000000
0.000000
0.000000
0.000000
0.000958
0.000000
0.000974
0.004221
0.000000
0.000000
0.000000
0.000000
0.000000
0.000000
0.000000
0.000000
-0.001300
0.000000
0.000000
0.000000
0.000000
0.000000
0.000000
-0.001300
0.000000
0.000000
0.000000
0.000000
0.000000
0.000000
-0.001300
0.000000
0.000000
0.000000
0.000000
0.000000
-0.001300
0.000000
0.000000
0.000000
0.000000
0.000000
0.000000
-0.001300
0.000000
0.000000
0.000000
0.000000
0.000000
0.000000
-0.001300
0.000000
0.000000
0.000000
0.000000
0.000000
0.000000
-0.001300
0.000000
0.000325
0.001411
0.000000
0.000000
0.000000
0.000000
0.000000
0.000000
0.000000
0.000000
-0.000435
0.000000
0.000000
0.000000
0.000000
0.000000
0.000000
-0.000435
0.000000
0.000000
0.000000
0.000000
0.000000
0.000000
-0.000435
0.000000
0.000000
0.000000
0.000000
0.000000
-0.000435
0.000000
0.000000
0.000000
0.000000
0.000000
0.000000
-0.000435
0.000000
0.000000
0.000000
0.000000
0.000000
0.000000
-0.000435
0.000000
0.000000
0.000000
0.000000
0.000000
0.000000
-0.000435
0.000000
0.000998
0.004323
0.000000
0.000000
0.000000
0.000000
0.000000
0.000000
0.000000
0.000000
-0.001331
0.000000
0.000000
0.000000
0.000000
0.000000
0.000000
-0.001331
0.000000
0.000000
0.000000
0.000000
0.000000
0.000000
-0.001331
0.000000
0.000000
0.000000
0.000000
0.000000
-0.001331
0.000000
0.000000
0.000000
0.000000
0.000000
0.000000
-0.001331
0.000000
0.000000
0.000000
0.000000
0.000000
0.000000
-0.001331
0.000000
0.000000
0.000000
0.000000
0.000000
0.000000
-0.001331
0.000000
-0.000995
-0.004300
0.000000
0.000000
0.000000
0.000000
0.000000
0.000000
0.000000
0.000000
0.001323
0.000000
0.000000
0.000000
0.000000
0.000000
0.000000
0.001323
0.000000
0.000000
0.000000
0.000000
0.000000
0.000000
0.001323
0.000000
0.000000
0.000000
0.000000
0.000000
0.001323
0.000000
0.000000
0.000000
0.000000
0.000000
0.000000
0.001323
0.000000
0.000000
0.000000
0.000000
0.000000
0.000000
0.001323
0.000000
0.000000
0.000000
0.000000
0.000000
0.000000
0.001323
0.000000
-0.000847
-0.003671
0.000000
0.000000
0.000000
0.000000
0.000000
0.000000
0.000000
0.000000
0.001130
0.000000
0.000000
0.000000
0.000000
0.000000
0.000000
0.001130
0.000000
0.000000
0.000000
0.000000
0.000000
0.000000
0.001130
0.000000
0.000000
0.000000
0.000000
0.000000
0.001130
0.000000
0.000000
0.000000
0.000000
0.000000
0.000000
0.001130
0.000000
0.000000
0.000000
0.000000
0.000000
0.000000
0.001130
0.000000
0.000000
0.000000
0.000000
0.000000
0.000000
0.001130
0.000000
0.000441
0.001913
0.000000
0.000000
0.000000
0.000000
0.000000
0.000000
0.000000
0.000000
-0.000587
0.000000
0.000000
0.000000
0.000000
0.000000
0.000000
-0.000587
0.000000
0.000000
0.000000
0.000000
0.000000
0.000000
-0.000587
0.000000
0.000000
0.000000
0.000000
0.000000
-0.000587
0.000000
0.000000
0.000000
0.000000
0.000000
0.000000
-0.000587
0.000000
0.000000
0.000000
0.000000
0.000000
0.000000
-0.000587
0.000000
0.000000
0.000000
0.000000
0.000000
0.000000
-0.000587
0.000000
0.000910
0.003949
0.000000
0.000000
0.000000
0.000000
0.000000
0.000000
0.000000
0.000000
-0.001217
0.000000
0.000000
0.000000
0.000000
0.000000
0.000000
-0.001217
0.000000
0.000000
0.000000
0.000000
0.000000
0.000000
-0.001217
0.000000
0.000000
0.000000
0.000000
0.000000
-0.001217
0.000000
0.000000
0.000000
0.000000
0.000000
0.000000
-0.001217
0.000000
0.000000
0.000000
0.000000
0.000000
0.000000
-0.001217
0.000000
0.000000
0.000000
0.000000
0.000000
0.000000
-0.001217
0.000000
0.000701
0.003033
0.000000
0.000000
0.000000
0.000000
0.000000
0.000000
0.000000
0.000000
-0.000933
0.000000
0.000000
0.000000
0.000000
0.000000
0.000000
-0.000933
0.000000
0.000000
0.000000
0.000000
0.000000
0.000000
-0.000933
0.000000
0.000000
0.000000
0.000000
0.000000
-0.000933
0.000000
0.000000
0.000000
0.000000
0.000000
0.000000
-0.000933
0.000000
0.000000
0.000000
0.000000
0.000000
0.000000
-0.000933
0.000000
0.000000
0.000000
0.000000
0.000000
0.000000
-0.000933
0.000000
-0.000412
-0.001771
0.000000
0.000000
0.000000
0.000000
0.000000
0.000000
0.000000
0.000000
0.000544
0.000000
0.000000
0.000000
0.000000
0.000000
0.000000
0.000544
0.000000
0.000000
0.000000
0.000000
0.000000
0.000000
0.000544
0.000000
0.000000
0.000000
0.000000
0.000000
0.000544
0.000000
0.000000
0.000000
0.000000
0.000000
0.000000
0.000544
0.000000
0.000000
0.000000
0.000000
0.000000
0.000000
0.000544
0.000000
0.000000
0.000000
0.000000
0.000000
0.000000
0.000544
0.000000
0.001011
0.004386
0.000000
0.000000
0.000000
0.000000
0.000000
0.000000
0.000000
0.000000
-0.001349
0.000000
0.000000
0.000000
0.000000
0.000000
0.000000
-0.001349
0.000000
0.000000
0.000000
0.000000
0.000000
0.000000
-0.001349
0.000000
0.000000
0.000000
0.000000
0.000000
-0.001349
0.000000
0.000000
0.000000
0.000000
0.000000
0.000000
-0.001349
0.000000
0.000000
0.000000
0.000000
0.000000
0.000000
-0.001349
0.000000
0.000000
0.000000
0.000000
0.000000
0.000000
-0.001349
0.000000
0.000752
0.003262
0.000000
0.000000
0.000000
0.000000
0.000000
0.000000
0.000000
0.000000
-0.001002
0.000000
0.000000
0.000000
0.000000
0.000000
0.000000
-0.001002
0.000000
0.000000
0.000000
0.000000
0.000000
0.000000
-0.001002
0.000000
0.000000
0.000000
0.000000
0.000000
-0.001002
0.000000
0.000000
0.000000
0.000000
0.000000
0.000000
-0.001002
0.000000
0.000000
0.000000
0.000000
0.000000
0.000000
-0.001002
0.000000
0.000000
0.000000
0.000000
0.000000
0.000000
-0.001002
0.000000
-0.000739
-0.003199
0.000000
0.000000
0.000000
0.000000
0.000000
0.000000
0.000000
0.000000
0.000987
0.000000
0.000000
0.000000
0.000000
0.000000
0.000000
0.000987
0.000000
0.000000
0.000000
0.000000
0.000000
0.000000
0.000987
0.000000
0.000000
0.000000
0.000000
0.000000
0.000987
0.000000
0.000000
0.000000
0.000000
0.000000
0.000000
0.000987
0.000000
0.000000
0.000000
0.000000
0.000000
0.000000
0.000987
0.000000
0.000000
0.000000
0.000000
0.000000
0.000000
0.000987
0.000000
0.000842
0.003644
0.000000
0.000000
0.000000
0.000000
0.000000
0.000000
0.000000
0.000000
-0.001122
0.000000
0.000000
0.000000
0.000000
0.000000
0.000000
-0.001122
0.000000
0.000000
0.000000
0.000000
0.000000
0.000000
-0.001122
0.000000
0.000000
0.000000
0.000000
0.000000
-0.001122
0.000000
0.000000
0.000000
0.000000
0.000000
0.000000
-0.001122
0.000000
0.000000
0.000000
0.000000
0.000000
0.000000
-0.001122
0.000000
0.000000
0.000000
0.000000
0.000000
0.000000
-0.001122
0.000000
0.000052
0.000225
0.000000
0.000000
0.000000
0.000000
0.000000
0.000000
0.000000
0.000000
-0.000069
0.000000
0.000000
0.000000
0.000000
0.000000
0.000000
-0.000069
0.000000
0.000000
0.000000
0.000000
0.000000
0.000000
-0.000069
0.000000
0.000000
0.000000
0.000000
0.000000
-0.000069
0.000000
0.000000
0.000000
0.000000
0.000000
0.000000
-0.000069
0.000000
0.000000
0.000000
0.000000
0.000000
0.000000
-0.000069
0.000000
0.000000
0.000000
0.000000
0.000000
0.000000
-0.000069
0.000000
0.000719
0.003114
0.000000
0.000000
0.000000
0.000000
0.000000
0.000000
0.000000
0.000000
-0.000959
0.000000
0.000000
0.000000
0.000000
0.000000
0.000000
-0.000959
0.000000
0.000000
0.000000
0.000000
0.000000
0.000000
-0.000959
0.000000
0.000000
0.000000
0.000000
0.000000
-0.000959
0.000000
0.000000
0.000000
0.000000
0.000000
0.000000
-0.000959
0.000000
0.000000
0.000000
0.000000
0.000000
0.000000
-0.000959
0.000000
0.000000
0.000000
0.000000
0.000000
0.000000
-0.000959
0.000000
-0.000837
-0.003625
0.000000
0.000000
0.000000
0.000000
0.000000
0.000000
0.000000
0.000000
0.001116
0.000000
0.000000
0.000000
0.000000
0.000000
0.000000
0.001116
0.000000
0.000000
0.000000
0.000000
0.000000
0.000000
0.001116
0.000000
0.000000
0.000000
0.000000
0.000000
0.001116
0.000000
0.000000
0.000000
0.000000
0.000000
0.000000
0.001116
0.000000
0.000000
0.000000
0.000000
0.000000
0.000000
0.001116
0.000000
0.000000
0.000000
0.000000
0.000000
0.000000
0.001116
0.000000
0.000636
0.002747
0.000000
0.000000
0.000000
0.000000
0.000000
0.000000
0.000000
0.000000
-0.000844
0.000000
0.000000
0.000000
0.000000
0.000000
0.000000
-0.000844
0.000000
0.000000
0.000000
0.000000
0.000000
0.000000
-0.000844
0.000000
0.000000
0.000000
0.000000
0.000000
-0.000844
0.000000
0.000000
0.000000
0.000000
0.000000
0.000000
-0.000844
0.000000
0.000000
0.000000
0.000000
0.000000
0.000000
-0.000844
0.000000
0.000000
0.000000
0.000000
0.000000
0.000000
-0.000844
0.000000
-0.000473
-0.002051
0.000000
0.000000
0.000000
0.000000
0.000000
0.000000
0.000000
0.000000
0.000633
0.000000
0.000000
0.000000
0.000000
0.000000
0.000000
0.000633
0.000000
0.000000
0.000000
0.000000
0.000000
0.000000
0.000633
0.000000
0.000000
0.000000
0.000000
0.000000
0.000633
0.000000
0.000000
0.000000
0.000000
0.000000
0.000000
0.000633
0.000000
0.000000
0.000000
0.000000
0.000000
0.000000
0.000633
0.000000
0.000000
0.000000
0.000000
0.000000
0.000000
0.000633
0.000000
-0.000527
-0.002285
0.000000
0.000000
0.000000
0.000000
0.000000
0.000000
0.000000
0.000000
0.000702
0.000000
0.000000
0.000000
0.000000
0.000000
0.000000
0.000702
0.000000
0.000000
0.000000
0.000000
0.000000
0.000000
0.000702
0.000000
0.000000
0.000000
0.000000
0.000000
0.000702
0.000000
0.000000
0.000000
0.000000
0.000000
0.000000
0.000702
0.000000
0.000000
0.000000
0.000000
0.000000
0.000000
0.000702
0.000000
0.000000
0.000000
0.000000
0.000000
0.000000
0.000702
0.000000
0.000943
0.004087
0.000000
0.000000
0.000000
0.000000
0.000000
0.000000
0.000000
0.000000
-0.001258
0.000000
0.000000
0.000000
0.000000
0.000000
0.000000
-0.001258
0.000000
0.000000
0.000000
0.000000
0.000000
0.000000
-0.001258
0.000000
0.000000
0.000000
0.000000
0.000000
-0.001258
0.000000
0.000000
0.000000
0.000000
0.000000
0.000000
-0.001258
0.000000
0.000000
0.000000
0.000000
0.000000
0.000000
-0.001258
0.000000
0.000000
0.000000
0.000000
0.000000
0.000000
-0.001258
0.000000
-0.000897
-0.003889
0.000000
0.000000
0.000000
0.000000
0.000000
0.000000
0.000000
0.000000
0.001197
0.000000
0.000000
0.000000
0.000000
0.000000
0.000000
0.001197
0.000000
0.000000
0.000000
0.000000
0.000000
0.000000
0.001197
0.000000
0.000000
0.000000
0.000000
0.000000
0.001197
0.000000
0.000000
0.000000
0.000000
0.000000
0.000000
0.001197
0.000000
0.000000
0.000000
0.000000
0.000000
0.000000
0.001197
0.000000
0.000000
0.000000
0.000000
0.000000
0.000000
0.001197
0.000000
0.000542
0.002349
0.000000
0.000000
0.000000
0.000000
0.000000
0.000000
0.000000
0.000000
-0.000720
0.000000
0.000000
0.000000
0.000000
0.000000
0.000000
-0.000720
0.000000
0.000000
0.000000
0.000000
0.000000
0.000000
-0.000720
0.000000
0.000000
0.000000
0.000000
0.000000
-0.000720
0.000000
0.000000
0.000000
0.000000
0.000000
0.000000
-0.000720
0.000000
0.000000
0.000000
0.000000
0.000000
0.000000
-0.000720
0.000000
0.000000
0.000000
0.000000
0.000000
0.000000
-0.000720
0.000000
-0.000115
-0.000499
0.000000
0.000000
0.000000
0.000000
0.000000
0.000000
0.000000
0.000000
0.000153
0.000000
0.000000
0.000000
0.000000
0.000000
0.000000
0.000153
0.000000
0.000000
0.000000
0.000000
0.000000
0.000000
0.000153
0.000000
0.000000
0.000000
0.000000
0.000000
0.000153
0.000000
0.000000
0.000000
0.000000
0.000000
0.000000
0.000153
0.000000
0.000000
0.000000
0.000000
0.000000
0.000000
0.000153
0.000000
0.000000
0.000000
0.000000
0.000000
0.000000
0.000153
0.000000
0.000579
0.002518
0.000000
0.000000
0.000000
0.000000
0.000000
0.000000
0.000000
0.000000
-0.000774
0.000000
0.000000
0.000000
0.000000
0.000000
0.000000
-0.000774
0.000000
0.000000
0.000000
0.000000
0.000000
0.000000
-0.000774
0.000000
0.000000
0.000000
0.000000
0.000000
-0.000774
0.000000
0.000000
0.000000
0.000000
0.000000
0.000000
-0.000774
0.000000
0.000000
0.000000
0.000000
0.000000
0.000000
-0.000774
0.000000
0.000000
0.000000
0.000000
0.000000
0.000000
-0.000774
0.000000
0.000923
0.004010
0.000000
0.000000
0.000000
0.000000
0.000000
0.000000
0.000000
0.000000
-0.001232
0.000000
0.000000
0.000000
0.000000
0.000000
0.000000
-0.001232
0.000000
0.000000
0.000000
0.000000
0.000000
0.000000
-0.001232
0.000000
0.000000
0.000000
0.000000
0.000000
-0.001232
0.000000
0.000000
0.000000
0.000000
0.000000
0.000000
-0.001232
0.000000
0.000000
0.000000
0.000000
0.000000
0.000000
-0.001232
0.000000
0.000000
0.000000
0.000000
0.000000
0.000000
-0.001232
0.000000
0.000625
0.002705
0.000000
0.000000
0.000000
0.000000
0.000000
0.000000
0.000000
0.000000
-0.000830
0.000000
0.000000
0.000000
0.000000
0.000000
0.000000
-0.000830
0.000000
0.000000
0.000000
0.000000
0.000000
0.000000
-0.000830
0.000000
0.000000
0.000000
0.000000
0.000000
-0.000830
0.000000
0.000000
0.000000
0.000000
0.000000
0.000000
-0.000830
0.000000
0.000000
0.000000
0.000000
0.000000
0.000000
-0.000830
0.000000
0.000000
0.000000
0.000000
0.000000
0.000000
-0.000830
0.000000
0.000382
0.001648
0.000000
0.000000
0.000000
0.000000
0.000000
0.000000
0.000000
0.000000
-0.000505
0.000000
0.000000
0.000000
0.000000
0.000000
0.000000
-0.000505
0.000000
0.000000
0.000000
0.000000
0.000000
0.000000
-0.000505
0.000000
0.000000
0.000000
0.000000
0.000000
-0.000505
0.000000
0.000000
0.000000
0.000000
0.000000
0.000000
-0.000505
0.000000
0.000000
0.000000
0.000000
0.000000
0.000000
-0.000505
0.000000
0.000000
0.000000
0.000000
0.000000
0.000000
-0.000505
0.000000
0.001012
0.004388
0.000000
0.000000
0.000000
0.000000
0.000000
0.000000
0.000000
0.000000
-0.001351
0.000000
0.000000
0.000000
0.000000
0.000000
0.000000
-0.001351
0.000000
0.000000
0.000000
0.000000
0.000000
0.000000
-0.001351
0.000000
0.000000
0.000000
0.000000
0.000000
-0.001351
0.000000
0.000000
0.000000
0.000000
0.000000
0.000000
-0.001351
0.000000
0.000000
0.000000
0.000000
0.000000
0.000000
-0.001351
0.000000
0.000000
0.000000
0.000000
0.000000
0.000000
-0.001351
0.000000
-0.000051
-0.000212
0.000000
0.000000
0.000000
0.000000
0.000000
0.000000
0.000000
0.000000
0.000067
0.000000
0.000000
0.000000
0.000000
0.000000
0.000000
0.000067
0.000000
0.000000
0.000000
0.000000
0.000000
0.000000
0.000067
0.000000
0.000000
0.000000
0.000000
0.000000
0.000067
0.000000
0.000000
0.000000
0.000000
0.000000
0.000000
0.000067
0.000000
0.000000
0.000000
0.000000
0.000000
0.000000
0.000067
0.000000
0.000000
0.000000
0.000000
0.000000
0.000000
0.000067
0.000000
0.000452
0.001951
0.000000
0.000000
0.000000
0.000000
0.000000
0.000000
0.000000
0.000000
-0.000599
0.000000
0.000000
0.000000
0.000000
0.000000
0.000000
-0.000599
0.000000
0.000000
0.000000
0.000000
0.000000
0.000000
-0.000599
0.000000
0.000000
0.000000
0.000000
0.000000
-0.000599
0.000000
0.000000
0.000000
0.000000
0.000000
0.000000
-0.000599
0.000000
0.000000
0.000000
0.000000
0.000000
0.000000
-0.000599
0.000000
0.000000
0.000000
0.000000
0.000000
0.000000
-0.000599
0.000000
-0.000652
-0.002826
0.000000
0.000000
0.000000
0.000000
0.000000
0.000000
0.000000
0.000000
0.000871
0.000000
0.000000
0.000000
0.000000
0.000000
0.000000
0.000871
0.000000
0.000000
0.000000
0.000000
0.000000
0.000000
0.000871
0.000000
0.000000
0.000000
0.000000
0.000000
0.000871
0.000000
0.000000
0.000000
0.000000
0.000000
0.000000
0.000871
0.000000
0.000000
0.000000
0.000000
0.000000
0.000000
0.000871
0.000000
0.000000
0.000000
0.000000
0.000000
0.000000
0.000871
0.000000
0.000151
0.000656
0.000000
0.000000
0.000000
0.000000
0.000000
0.000000
0.000000
0.000000
-0.000204
0.000000
0.000000
0.000000
0.000000
0.000000
0.000000
-0.000204
0.000000
0.000000
0.000000
0.000000
0.000000
0.000000
-0.000204
0.000000
0.000000
0.000000
0.000000
0.000000
-0.000204
0.000000
0.000000
0.000000
0.000000
0.000000
0.000000
-0.000204
0.000000
0.000000
0.000000
0.000000
0.000000
0.000000
-0.000204
0.000000
0.000000
0.000000
0.000000
0.000000
0.000000
-0.000204
0.000000
-0.000761
-0.003307
0.000000
0.000000
0.000000
0.000000
0.000000
0.000000
0.000000
0.000000
0.001017
0.000000
0.000000
0.000000
0.000000
0.000000
0.000000
0.001017
0.000000
0.000000
0.000000
0.000000
0.000000
0.000000
0.001017
0.000000
0.000000
0.000000
0.000000
0.000000
0.001017
0.000000
0.000000
0.000000
0.000000
0.000000
0.000000
0.001017
0.000000
0.000000
0.000000
0.000000
0.000000
0.000000
0.001017
0.000000
0.000000
0.000000
0.000000
0.000000
0.000000
0.001017
0.000000
0.000747
0.003236
0.000000
0.000000
0.000000
0.000000
0.000000
0.000000
0.000000
0.000000
-0.000995
0.000000
0.000000
0.000000
0.000000
0.000000
0.000000
-0.000995
0.000000
0.000000
0.000000
0.000000
0.000000
0.000000
-0.000995
0.000000
0.000000
0.000000
0.000000
0.000000
-0.000995
0.000000
0.000000
0.000000
0.000000
0.000000
0.000000
-0.000995
0.000000
0.000000
0.000000
0.000000
0.000000
0.000000
-0.000995
0.000000
0.000000
0.000000
0.000000
0.000000
0.000000
-0.000995
0.000000
0.000510
0.002219
0.000000
0.000000
0.000000
0.000000
0.000000
0.000000
0.000000
0.000000
-0.000679
0.000000
0.000000
0.000000
0.000000
0.000000
0.000000
-0.000679
0.000000
0.000000
0.000000
0.000000
0.000000
0.000000
-0.000679
0.000000
0.000000
0.000000
0.000000
0.000000
-0.000679
0.000000
0.000000
0.000000
0.000000
0.000000
0.000000
-0.000679
0.000000
0.000000
0.000000
0.000000
0.000000
0.000000
-0.000679
0.000000
0.000000
0.000000
0.000000
0.000000
0.000000
-0.000679
0.000000
-0.000530
-0.002295
0.000000
0.000000
0.000000
0.000000
0.000000
0.000000
0.000000
0.000000
0.000706
0.000000
0.000000
0.000000
0.000000
0.000000
0.000000
0.000706
0.000000
0.000000
0.000000
0.000000
0.000000
0.000000
0.000706
0.000000
0.000000
0.000000
0.000000
0.000000
0.000706
0.000000
0.000000
0.000000
0.000000
0.000000
0.000000
0.000706
0.000000
0.000000
0.000000
0.000000
0.000000
0.000000
0.000706
0.000000
0.000000
0.000000
0.000000
0.000000
0.000000
0.000706
0.000000
-0.000283
-0.001230
0.000000
0.000000
0.000000
0.000000
0.000000
0.000000
0.000000
0.000000
0.000378
0.000000
0.000000
0.000000
0.000000
0.000000
0.000000
0.000378
0.000000
0.000000
0.000000
0.000000
0.000000
0.000000
0.000378
0.000000
0.000000
0.000000
0.000000
0.000000
0.000378
0.000000
0.000000
0.000000
0.000000
0.000000
0.000000
0.000378
0.000000
0.000000
0.000000
0.000000
0.000000
0.000000
0.000378
0.000000
0.000000
0.000000
0.000000
0.000000
0.000000
0.000378
0.000000
0.000976
0.004228
0.000000
0.000000
0.000000
0.000000
0.000000
0.000000
0.000000
0.000000
-0.001301
0.000000
0.000000
0.000000
0.000000
0.000000
0.000000
-0.001301
0.000000
0.000000
0.000000
0.000000
0.000000
0.000000
-0.001301
0.000000
0.000000
0.000000
0.000000
0.000000
-0.001301
0.000000
0.000000
0.000000
0.000000
0.000000
0.000000
-0.001301
0.000000
0.000000
0.000000
0.000000
0.000000
0.000000
-0.001301
0.000000
0.000000
0.000000
0.000000
0.000000
0.000000
-0.001301
0.000000
-0.000600
-0.002605
0.000000
0.000000
0.000000
0.000000
0.000000
0.000000
0.000000
0.000000
0.000799
0.000000
0.000000
0.000000
0.000000
0.000000
0.000000
0.000799
0.000000
0.000000
0.000000
0.000000
0.000000
0.000000
0.000799
0.000000
0.000000
0.000000
0.000000
0.000000
0.000799
0.000000
0.000000
0.000000
0.000000
0.000000
0.000000
0.000799
0.000000
0.000000
0.000000
0.000000
0.000000
0.000000
0.000799
0.000000
0.000000
0.000000
0.000000
0.000000
0.000000
0.000799
0.000000
-0.000667
-0.002882
0.000000
0.000000
0.000000
0.000000
0.000000
0.000000
0.000000
0.000000
0.000889
0.000000
0.000000
0.000000
0.000000
0.000000
0.000000
0.000889
0.000000
0.000000
0.000000
0.000000
0.000000
0.000000
0.000889
0.000000
0.000000
0.000000
0.000000
0.000000
0.000889
0.000000
0.000000
0.000000
0.000000
0.000000
0.000000
0.000889
0.000000
0.000000
0.000000
0.000000
0.000000
0.000000
0.000889
0.000000
0.000000
0.000000
0.000000
0.000000
0.000000
0.000889
0.000000
0.000589
0.002557
0.000000
0.000000
0.000000
0.000000
0.000000
0.000000
0.000000
0.000000
-0.000785
0.000000
0.000000
0.000000
0.000000
0.000000
0.000000
-0.000785
0.000000
0.000000
0.000000
0.000000
0.000000
0.000000
-0.000785
0.000000
0.000000
0.000000
0.000000
0.000000
-0.000785
0.000000
0.000000
0.000000
0.000000
0.000000
0.000000
-0.000785
0.000000
0.000000
0.000000
0.000000
0.000000
0.000000
-0.000785
0.000000
0.000000
0.000000
0.000000
0.000000
0.000000
-0.000785
0.000000
0.000880
0.003820
0.000000
0.000000
0.000000
0.000000
0.000000
0.000000
0.000000
0.000000
-0.001176
0.000000
0.000000
0.000000
0.000000
0.000000
0.000000
-0.001176
0.000000
0.000000
0.000000
0.000000
0.000000
0.000000
-0.001176
0.000000
0.000000
0.000000
0.000000
0.000000
-0.001176
0.000000
0.000000
0.000000
0.000000
0.000000
0.000000
-0.001176
0.000000
0.000000
0.000000
0.000000
0.000000
0.000000
-0.001176
0.000000
0.000000
0.000000
0.000000
0.000000
0.000000
-0.001176
0.000000
-0.000758
-0.003283
0.000000
0.000000
0.000000
0.000000
0.000000
0.000000
0.000000
0.000000
0.001010
0.000000
0.000000
0.000000
0.000000
0.000000
0.000000
0.001010
0.000000
0.000000
0.000000
0.000000
0.000000
0.000000
0.001010
0.000000
0.000000
0.000000
0.000000
0.000000
0.001010
0.000000
0.000000
0.000000
0.000000
0.000000
0.000000
0.001010
0.000000
0.000000
0.000000
0.000000
0.000000
0.000000
0.001010
0.000000
0.000000
0.000000
0.000000
0.000000
0.000000
0.001010
0.000000
-0.000469
-0.002020
0.000000
0.000000
0.000000
0.000000
0.000000
0.000000
0.000000
0.000000
0.000623
0.000000
0.000000
0.000000
0.000000
0.000000
0.000000
0.000623
0.000000
0.000000
0.000000
0.000000
0.000000
0.000000
0.000623
0.000000
0.000000
0.000000
0.000000
0.000000
0.000623
0.000000
0.000000
0.000000
0.000000
0.000000
0.000000
0.000623
0.000000
0.000000
0.000000
0.000000
0.000000
0.000000
0.000623
0.000000
0.000000
0.000000
0.000000
0.000000
0.000000
0.000623
0.000000
-0.000396
-0.001711
0.000000
0.000000
0.000000
0.000000
0.000000
0.000000
0.000000
0.000000
0.000527
0.000000
0.000000
0.000000
0.000000
0.000000
0.000000
0.000527
0.000000
0.000000
0.000000
0.000000
0.000000
0.000000
0.000527
0.000000
0.000000
0.000000
0.000000
0.000000
0.000527
0.000000
0.000000
0.000000
0.000000
0.000000
0.000000
0.000527
0.000000
0.000000
0.000000
0.000000
0.000000
0.000000
0.000527
0.000000
0.000000
0.000000
0.000000
0.000000
0.000000
0.000527
0.000000
0.000652
0.002821
0.000000
0.000000
0.000000
0.000000
0.000000
0.000000
0.000000
0.000000
-0.000869
0.000000
0.000000
0.000000
0.000000
0.000000
0.000000
-0.000869
0.000000
0.000000
0.000000
0.000000
0.000000
0.000000
-0.000869
0.000000
0.000000
0.000000
0.000000
0.000000
-0.000869
0.000000
0.000000
0.000000
0.000000
0.000000
0.000000
-0.000869
0.000000
0.000000
0.000000
0.000000
0.000000
0.000000
-0.000869
0.000000
0.000000
0.000000
0.000000
0.000000
0.000000
-0.000869
0.000000
-0.000434
-0.001877
0.000000
0.000000
0.000000
0.000000
0.000000
0.000000
0.000000
0.000000
0.000579
0.000000
0.000000
0.000000
0.000000
0.000000
0.000000
0.000579
0.000000
0.000000
0.000000
0.000000
0.000000
0.000000
0.000579
0.000000
0.000000
0.000000
0.000000
0.000000
0.000579
0.000000
0.000000
0.000000
0.000000
0.000000
0.000000
0.000579
0.000000
0.000000
0.000000
0.000000
0.000000
0.000000
0.000579
0.000000
0.000000
0.000000
0.000000
0.000000
0.000000
0.000579
0.000000
0.000264
0.001142
0.000000
0.000000
0.000000
0.000000
0.000000
0.000000
0.000000
0.000000
-0.000351
0.000000
0.000000
0.000000
0.000000
0.000000
0.000000
-0.000351
0.000000
0.000000
0.000000
0.000000
0.000000
0.000000
-0.000351
0.000000
0.000000
0.000000
0.000000
0.000000
-0.000351
0.000000
0.000000
0.000000
0.000000
0.000000
0.000000
-0.000351
0.000000
0.000000
0.000000
0.000000
0.000000
0.000000
-0.000351
0.000000
0.000000
0.000000
0.000000
0.000000
0.000000
-0.000351
0.000000
0.000113
0.000484
0.000000
0.000000
0.000000
0.000000
0.000000
0.000000
0.000000
0.000000
-0.000145
0.000000
0.000000
0.000000
0.000000
0.000000
0.000000
-0.000145
0.000000
0.000000
0.000000
0.000000
0.000000
0.000000
-0.000145
0.000000
0.000000
0.000000
0.000000
0.000000
-0.000145
0.000000
0.000000
0.000000
0.000000
0.000000
0.000000
-0.000145
0.000000
0.000000
0.000000
0.000000
0.000000
0.000000
-0.000145
0.000000
0.000000
0.000000
0.000000
0.000000
0.000000
-0.000145
0.000000
0.000172
0.000755
0.000000
0.000000
0.000000
0.000000
0.000000
0.000000
0.000000
0.000000
-0.000232
0.000000
0.000000
0.000000
0.000000
0.000000
0.000000
-0.000232
0.000000
0.000000
0.000000
0.000000
0.000000
0.000000
-0.000232
0.000000
0.000000
0.000000
0.000000
0.000000
-0.000232
0.000000
0.000000
0.000000
0.000000
0.000000
0.000000
-0.000232
0.000000
0.000000
0.000000
0.000000
0.000000
0.000000
-0.000232
0.000000
0.000000
0.000000
0.000000
0.000000
0.000000
-0.000232
0.000000
-0.000735
-0.003193
0.000000
0.000000
0.000000
0.000000
0.000000
0.000000
0.000000
0.000000
0.000982
0.000000
0.000000
0.000000
0.000000
0.000000
0.000000
0.000982
0.000000
0.000000
0.000000
0.000000
0.000000
0.000000
0.000982
0.000000
0.000000
0.000000
0.000000
0.000000
0.000982
0.000000
0.000000
0.000000
0.000000
0.000000
0.000000
0.000982
0.000000
0.000000
0.000000
0.000000
0.000000
0.000000
0.000982
0.000000
0.000000
0.000000
0.000000
0.000000
0.000000
0.000982
0.000000
0.000415
0.001801
0.000000
0.000000
0.000000
0.000000
0.000000
0.000000
0.000000
0.000000
-0.000555
0.000000
0.000000
0.000000
0.000000
0.000000
0.000000
-0.000555
0.000000
0.000000
0.000000
0.000000
0.000000
0.000000
-0.000555
0.000000
0.000000
0.000000
0.000000
0.000000
-0.000555
0.000000
0.000000
0.000000
0.000000
0.000000
0.000000
-0.000555
0.000000
0.000000
0.000000
0.000000
0.000000
0.000000
-0.000555
0.000000
0.000000
0.000000
0.000000
0.000000
0.000000
-0.000555
0.000000
-0.000804
-0.003475
0.000000
0.000000
0.000000
0.000000
0.000000
0.000000
0.000000
0.000000
0.001069
0.000000
0.000000
0.000000
0.000000
0.000000
0.000000
0.001069
0.000000
0.000000
0.000000
0.000000
0.000000
0.000000
0.001069
0.000000
0.000000
0.000000
0.000000
0.000000
0.001069
0.000000
0.000000
0.000000
0.000000
0.000000
0.000000
0.001069
0.000000
0.000000
0.000000
0.000000
0.000000
0.000000
0.001069
0.000000
0.000000
0.000000
0.000000
0.000000
0.000000
0.001069
0.000000
-0.000465
-0.002013
0.000000
0.000000
0.000000
0.000000
0.000000
0.000000
0.000000
0.000000
0.000621
0.000000
0.000000
0.000000
0.000000
0.000000
0.000000
0.000621
0.000000
0.000000
0.000000
0.000000
0.000000
0.000000
0.000621
0.000000
0.000000
0.000000
0.000000
0.000000
0.000621
0.000000
0.000000
0.000000
0.000000
0.000000
0.000000
0.000621
0.000000
0.000000
0.000000
0.000000
0.000000
0.000000
0.000621
0.000000
0.000000
0.000000
0.000000
0.000000
0.000000
0.000621
0.000000
0.000718
0.003114
0.000000
0.000000
0.000000
0.000000
0.000000
0.000000
0.000000
0.000000
-0.000959
0.000000
0.000000
0.000000
0.000000
0.000000
0.000000
-0.000959
0.000000
0.000000
0.000000
0.000000
0.000000
0.000000
-0.000959
0.000000
0.000000
0.000000
0.000000
0.000000
-0.000959
0.000000
0.000000
0.000000
0.000000
0.000000
0.000000
-0.000959
0.000000
0.000000
0.000000
0.000000
0.000000
0.000000
-0.000959
0.000000
0.000000
0.000000
0.000000
0.000000
0.000000
-0.000959
0.000000
0.000678
0.002942
0.000000
0.000000
0.000000
0.000000
0.000000
0.000000
0.000000
0.000000
-0.000904
0.000000
0.000000
0.000000
0.000000
0.000000
0.000000
-0.000904
0.000000
0.000000
0.000000
0.000000
0.000000
0.000000
-0.000904
0.000000
0.000000
0.000000
0.000000
0.000000
-0.000904
0.000000
0.000000
0.000000
0.000000
0.000000
0.000000
-0.000904
0.000000
0.000000
0.000000
0.000000
0.000000
0.000000
-0.000904
0.000000
0.000000
0.000000
0.000000
0.000000
0.000000
-0.000904
0.000000
0.000340
0.001469
0.000000
0.000000
0.000000
0.000000
0.000000
0.000000
0.000000
0.000000
-0.000452
0.000000
0.000000
0.000000
0.000000
0.000000
0.000000
-0.000452
0.000000
0.000000
0.000000
0.000000
0.000000
0.000000
-0.000452
0.000000
0.000000
0.000000
0.000000
0.000000
-0.000452
0.000000
0.000000
0.000000
0.000000
0.000000
0.000000
-0.000452
0.000000
0.000000
0.000000
0.000000
0.000000
0.000000
-0.000452
0.000000
0.000000
0.000000
0.000000
0.000000
0.000000
-0.000452
0.000000
-0.000513
-0.002217
0.000000
0.000000
0.000000
0.000000
0.000000
0.000000
0.000000
0.000000
0.000682
0.000000
0.000000
0.000000
0.000000
0.000000
0.000000
0.000682
0.000000
0.000000
0.000000
0.000000
0.000000
0.000000
0.000682
0.000000
0.000000
0.000000
0.000000
0.000000
0.000682
0.000000
0.000000
0.000000
0.000000
0.000000
0.000000
0.000682
0.000000
0.000000
0.000000
0.000000
0.000000
0.000000
0.000682
0.000000
0.000000
0.000000
0.000000
0.000000
0.000000
0.000682
0.000000
0.000628
0.002727
0.000000
0.000000
0.000000
0.000000
0.000000
0.000000
0.000000
0.000000
-0.000837
0.000000
0.000000
0.000000
0.000000
0.000000
0.000000
-0.000837
0.000000
0.000000
0.000000
0.000000
0.000000
0.000000
-0.000837
0.000000
0.000000
0.000000
0.000000
0.000000
-0.000837
0.000000
0.000000
0.000000
0.000000
0.000000
0.000000
-0.000837
0.000000
0.000000
0.000000
0.000000
0.000000
0.000000
-0.000837
0.000000
0.000000
0.000000
0.000000
0.000000
0.000000
-0.000837
0.000000
-0.000064
-0.000276
0.000000
0.000000
0.000000
0.000000
0.000000
0.000000
0.000000
0.000000
0.000087
0.000000
0.000000
0.000000
0.000000
0.000000
0.000000
0.000087
0.000000
0.000000
0.000000
0.000000
0.000000
0.000000
0.000087
0.000000
0.000000
0.000000
0.000000
0.000000
0.000087
0.000000
0.000000
0.000000
0.000000
0.000000
0.000000
0.000087
0.000000
0.000000
0.000000
0.000000
0.000000
0.000000
0.000087
0.000000
0.000000
0.000000
0.000000
0.000000
0.000000
0.000087
0.000000
0.000755
0.003269
0.000000
0.000000
0.000000
0.000000
0.000000
0.000000
0.000000
0.000000
-0.001005
0.000000
0.000000
0.000000
0.000000
0.000000
0.000000
-0.001005
0.000000
0.000000
0.000000
0.000000
0.000000
0.000000
-0.001005
0.000000
0.000000
0.000000
0.000000
0.000000
-0.001005
0.000000
0.000000
0.000000
0.000000
0.000000
0.000000
-0.001005
0.000000
0.000000
0.000000
0.000000
0.000000
0.000000
-0.001005
0.000000
0.000000
0.000000
0.000000
0.000000
0.000000
-0.001005
-0.078009
0.026429
0.083402
-0.035531
-0.034401
-0.012442
0.052342
-0.031999
-0.013608
0.039626
-0.073137
-0.004534
0.087485
0.078949
-0.081177
-0.005691
0.074453
-0.068346
-0.009585
0.082623
-0.068236
-0.022185
0.080299
0.049026
-0.026900
0.030832
-0.031323
-0.086323
0.013203
0.025002
0.100736
-0.063634
0.050754
-0.071923
0.002052
0.087083
-0.069009
-0.038707
0.097203
0.016444
-0.003193
-0.021026
0.013284
0.083514
0.027575
-0.040629
0.062143
-0.051208
-0.002301
0.035901
0.020232
-0.036251
0.069118
-0.045432
0.056310
-0.054587
-0.028357
-0.094039
0.072344
0.072986
0.007768
0.084192
0.037875
-0.084571
-0.000001
0.000002
-0.000002
-0.000000
0.000000
0.000000
-0.000000
0.000001
-0.000001
0.000000
-0.000002
0.000001
-0.000001
-0.000002
0.000000
-0.000001
0.000001
-0.000000
0.000001
-0.000001
0.000000
-0.000002
-0.000000
0.000001
0.000001
-0.000001
0.000000
-0.000002
0.000000
0.000001
0.000001
0.000001
-0.000002
-0.000001
0.000001
0.000002
0.000001
-0.000001
0.000001
0.000001
-0.000001
-0.000001
0.000001
0.000001
-0.000001
0.000000
0.000002
0.000001
0.000001
0.000001
-0.000000
0.000001
0.000001
-0.000001
-0.000000
-0.000000
0.000001
0.000000
0.000000
0.000001
0.000002
-0.000000
0.000002
-0.000001
-0.000002
0.000001
0.000004
-0.000002
-0.000002
0.000001
0.000003
-0.000000
0.000000
-0.000002
-0.000003
0.000001
0.000001
-0.000000
0.000002
-0.000001
0.000000
-0.000002
0.000001
-0.000001
0.000001
0.000001
-0.000002
0.000002
-0.000002
-0.000000
0.000001
-0.000003
-0.000001
-0.000001
-0.000003
-0.000000
-0.000001
0.000001
-0.000000
0.000002
-0.000002
-0.000002
-0.000000
0.000001
-0.000001
0.000001
0.000003
-0.000000
-0.000002
0.000002
-0.000000
0.000001
-0.000001
0.000002
-0.000001
0.000000
0.000001
0.000002
-0.000001
0.000002
0.000001
-0.000002
-0.000001
0.000001
0.000003
0.000000
-0.000001
-0.000002
0.000001
-0.000000
0.000000
0.000001
-0.000000
0.000002
-0.000001
-0.000002
0.000002
-0.000000
0.000003
0.000001
0.000001
0.000001
-0.000002
0.000001
0.000001
0.000002
-0.000002
0.000002
-0.000002
0.000000
0.000000
-0.000002
0.000002
-0.000001
-0.000000
-0.000000
0.000001
0.000002
0.000001
-0.000000
0.000002
-0.000001
-0.000000
-0.000001
0.000000
0.000001
-0.000000
-0.000001
0.000002
-0.000002
-0.000001
-0.000000
0.000002
-0.000002
-0.000001
-0.000000
0.000002
-0.000002
-0.000002
0.000001
0.000000
-0.000001
0.000000
-0.000001
-0.000001
0.000002
0.000001
0.000000
-0.000001
0.000003
-0.000001
0.000002
0.000003
-0.000001
-0.000002
0.000003
0.000000
0.000002
0.000000
-0.000002
0.000002
0.000002
0.000002
-0.000001
0.000002
0.000004
-0.000004
-0.000000
0.000002
0.000002
-0.000002
0.000001
-0.000001
-0.000002
0.000002
-0.000002
0.000002
0.000001
0.000002
0.000002
0.000001
-0.000002
0.000002
0.000001
0.000002
-0.000002
-0.000001
-0.000001
0.000001
0.000000
-0.000001
0.000000
0.000002
-0.000002
-0.000001
0.000002
0.000001
-0.000002
-0.000001
0.000001
0.000000
-0.000001
-0.000001
-0.000002
0.000001
-0.000002
0.000001
-0.000001
-0.000001
0.000001
0.000001
-0.000000
0.000000
0.000002
0.000000
0.000002
0.000002
-0.000001
-0.000001
0.000002
0.000001
0.000001
-0.000002
-0.000001
-0.000000
0.000003
0.000002
-0.000001
0.000001
0.000003
-0.000003
0.000003
-0.000000
0.000003
-0.000001
0.000001
0.000000
-0.000003
0.000002
-0.000001
0.000002
0.000000
0.000002
0.000001
0.000002
0.000000
0.000001
0.000001
0.000001
-0.000002
0.000000
-0.000003
0.000003
0.000001
-0.000002
0.000001
-0.000002
-0.000001
-0.000002
0.000002
0.000002
-0.000001
-0.000002
-0.000001
0.000002
-0.000002
-0.000002
-0.000003
-0.000000
-0.000002
0.000001
-0.000003
-0.000003
0.000003
0.000003
0.000001
-0.000003
0.000003
-0.000001
0.000003
-0.000001
-0.000001
-0.000002
0.000002
0.000000
0.000001
-0.000002
-0.000001
0.000002
0.000001
0.000000
0.000000
0.000001
0.000002
-0.000001
0.000001
-0.000001
0.000001
-0.000001
0.000001
0.000000
0.000000
0.000003
-0.000002
0.000002
0.000000
0.000000
0.000001
0.000000
-0.000003
0.000001
0.000000
0.000001
-0.000002
0.000000
-0.000003
0.000002
0.000002
-0.000003
0.000000
0.000001
-0.000001
-0.000001
0.000001
0.000001
-0.000001
0.000000
-0.000001
0.000002
0.000000
-0.000001
0.000001
0.000001
-0.000001
-0.000000
-0.000000
-0.000000
0.000001
0.000003
0.000001
-0.000002
0.000003
0.000000
0.000000
-0.000001
-0.000000
0.000000
-0.000001
0.000002
-0.000004
0.000004
0.000002
-0.000004
-0.000003
-0.000002
0.000003
-0.000003
-0.000003
0.000001
-0.000002
0.000001
-0.000002
0.000002
0.000000
0.000001
0.000002
-0.000004
0.000001
-0.000002
-0.000001
-0.000002
-0.000002
-0.000002
-0.000002
-0.000002
-0.000000
-0.000002
0.000002
-0.000000
0.000002
-0.000001
-0.000001
-0.000001
-0.000000
-0.000002
0.000003
0.000001
-0.000002
-0.000001
0.000002
0.000003
0.000001
-0.000002
0.000001
0.000000
0.000001
-0.000001
0.000001
-0.000002
0.000003
0.000003
-0.000003
-0.000001
0.000001
-0.000002
-0.000002
-0.000000
-0.000001
0.000003
-0.000002
-0.000001
0.000003
0.000000
0.000001
-0.000004
-0.000001
-0.000000
0.000002
0.000002
-0.000001
0.000002
0.000002
-0.000002
0.000003
-0.000001
0.000001
-0.000001
0.000003
-0.000001
-0.000001
0.000003
-0.000001
0.000001
0.000001
0.000003
0.000002
0.000002
0.000001
0.000002
-0.000001
-0.000000
-0.000002
0.000000
-0.000001
0.000003
0.000003
-0.000003
0.000000
0.000003
-0.000003
-0.000003
0.000002
0.000004
-0.000002
-0.000003
-0.000001
0.000003
-0.000001
-0.000000
-0.000001
-0.000000
-0.000003
0.000001
-0.000001
-0.000003
0.000003
0.000003
0.000002
-0.000002
0.000002
0.000000
0.000002
0.000001
-0.000001
-0.000001
0.000002
-0.000001
0.000002
-0.000003
-0.000001
0.000001
0.000002
0.000002
-0.000002
0.000001
0.000001
-0.000001
0.000001
-0.000001
0.000001
-0.000001
0.000001
-0.000002
-0.000001
0.000001
-0.000002
0.000000
-0.000002
0.000002
0.000001
0.000002
0.000000
0.000002
0.000000
0.000001
-0.000001
-0.000001
-0.000000
0.000001
0.000000
-0.000001
-0.000001
0.000001
-0.000002
-0.000001
-0.000001
-0.000000
-0.000001
-0.000002
0.000001
0.000002
-0.000001
-0.000001
-0.000000
0.000001
0.000000
-0.000000
-0.000002
-0.000002
0.000001
0.000001
-0.000000
-0.000001
0.000002
0.000000
0.000002
-0.000001
0.000001
0.000000
0.000001
-0.000001
-0.000002
0.000004
0.000001
-0.000003
-0.000002
-0.000003
0.000003
-0.000005
-0.000004
0.000002
-0.000001
0.000000
-0.000003
0.000002
-0.000002
-0.000000
0.000004
0.000000
0.000002
-0.000003
0.000002
-0.000002
-0.000003
-0.000002
-0.000001
-0.000004
-0.000001
-0.000004
0.000001
0.000001
0.000001
-0.000002
-0.000002
0.000003
0.000002
-0.000003
0.000002
-0.000001
-0.000002
-0.000002
0.000001
0.000003
0.000002
-0.000002
-0.000000
-0.000001
0.000001
-0.000001
0.000002
-0.000001
0.000003
0.000001
-0.000002
-0.000001
0.000001
0.000003
-0.000001
-0.000000
-0.000001
0.000001
0.000001
-0.000001
-0.000000
0.000001
0.000000
0.000002
0.000000
-0.000002
0.000000
0.000000
0.000002
0.000000
0.000000
-0.000001
-0.000001
-0.000000
-0.000001
0.000001
0.000002
0.000001
-0.000000
-0.000000
-0.000002
0.000000
-0.000002
0.000001
0.000001
-0.000001
0.000001
-0.000002
0.000000
-0.000001
-0.000000
0.000001
-0.000001
-0.000000
0.000000
0.000000
-0.000001
0.000003
-0.000001
0.000001
-0.000002
0.000002
-0.000001
0.000001
0.000001
-0.000001
-0.000001
-0.000000
0.000001
0.000001
-0.000001
0.000001
-0.000000
-0.000000
-0.000001
-0.000001
-0.000000
0.000001
0.000001
-0.000001
0.000001
-0.000000
-0.000001
-0.000002
-0.000001
-0.000002
0.000000
-0.000001
-0.000001
-0.000000
0.000000
0.000001
-0.000002
-0.000001
0.000001
-0.000001
0.000001
-0.000000
0.000001
-0.000001
0.000001
-0.000001
0.000000
-0.000000
0.000001
-0.000001
-0.000001
0.000001
-0.000001
0.000002
-0.000001
-0.000001
0.000000
-0.000000
-0.000000
0.000000
-0.000000
-0.000001
0.000001
-0.000001
0.000001
-0.000001
0.000001
0.000000
-0.000002
-0.000000
0.000000
-0.000001
0.000001
0.000000
-0.000001
-0.000001
-0.000001
-0.000000
-0.000001
0.000002
-0.000000
-0.000001
0.000001
0.000000
-0.000001
-0.000001
0.000001
-0.000001
0.000000
0.000001
-0.000000
-0.000002
0.000001
0.000001
-0.000000
-0.000004
-0.000002
0.000002
-0.000000
0.000001
0.000000
0.000004
0.000002
-0.000001
0.000003
0.000001
0.000002
-0.000002
0.000000
-0.000002
-0.000001
0.000002
-0.000002
0.000002
-0.000001
0.000002
0.000002
0.000002
0.000002
0.000002
-0.000001
0.000001
-0.000003
-0.000001
-0.000001
0.000002
0.000002
-0.000002
-0.000001
0.000002
-0.000002
-0.000002
0.000001
0.000004
-0.000001
-0.000002
-0.000001
-0.000000
-0.000002
0.000001
0.000000
0.000002
-0.000003
0.000001
-0.000002
0.000000
0.000001
0.000002
0.000001
-0.000000
0.000002
-0.000001
0.000002
0.000000
-0.000001
0.000001
0.000002
-0.000001
-0.000000
0.000000
-0.000000
0.000001
0.000001
-0.000000
0.000000
-0.000000
0.000001
0.000001
0.000001
0.000000
0.000001
-0.000003
0.000000
-0.000000
-0.000001
0.000000
-0.000001
0.000001
0.000001
-0.000001
0.000002
0.000002
-0.000000
-0.000001
0.000001
0.000002
0.000000
-0.000000
-0.000001
0.000000
-0.000000
0.000001
-0.000002
0.000001
-0.000000
-0.000001
-0.000000
0.000000
-0.000000
-0.000001
-0.000000
-0.000000
-0.000001
0.000000
0.000000
0.000001
-0.000001
0.000000
-0.000001
0.000000
0.000001
-0.000000
-0.000001
-0.000000
0.000001
-0.000002
0.000001
-0.000001
0.000001
-0.000001
0.000001
-0.000001
-0.000002
-0.000001
0.000001
-0.000002
-0.000001
0.000000
0.000002
0.000000
-0.000001
0.000001
-0.000001
-0.000000
-0.000001
0.000001
-0.000001
0.000002
-0.000000
-0.000003
-0.000000
-0.000002
0.000000
0.000000
-0.000001
-0.000001
0.000001
-0.000002
0.000000
-0.000001
0.000001
0.000000
-0.000001
-0.000001
-0.000001
-0.000001
-0.000001
0.000000
0.000002
0.000001
0.000000
-0.000001
0.000002
0.000001
-0.000001
0.000000
0.000001
-0.000000
0.000001
-0.000000
0.000001
-0.000004
0.000001
0.000001
-0.000001
0.000000
0.000002
0.000001
-0.000001
0.000000
-0.000001
0.000001
0.000000
0.000001
-0.000000
0.000001
0.000003
-0.000002
0.000001
0.000001
-0.000001
-0.000001
0.000000
0.000002
0.000000
0.000001
0.000001
0.000001
-0.000000
0.000001
0.000001
0.000000
0.000000
0.000002
0.000002
0.000000
0.000000
0.000001
0.000001
0.000001
0.000001
0.000001
-0.000001
0.000001
-0.000000
0.000001
-0.000000
-0.000001
0.000001
0.000000
0.000002
0.000000
0.000000
0.000000
0.000001
-0.000001
0.000000
0.000000
0.000000
0.000000
0.000001
-0.000000
0.000001
0.000001
0.000001
0.000002
0.000002
-0.000000
-0.000001
0.000000
-0.000001
-0.000001
-0.000000
-0.000001
0.000000
0.000001
-0.000001
0.000001
-0.000001
-0.000000
-0.000000
-0.000002
0.000002
0.000002
-0.000000
-0.000000
-0.000002
0.000001
-0.000001
-0.000002
0.000000
0.000001
0.000002
0.000001
0.000000
-0.000001
0.000000
0.000000
0.000000
-0.000000
0.000002
-0.000000
0.000001
-0.000001
-0.000001
0.000001
0.000001
0.000002
0.000000
-0.000001
0.000001
0.000000
0.000001
-0.000001
-0.000000
-0.000000
-0.000000
-0.000000
-0.000001
-0.000001
-0.000000
-0.000001
-0.000000
0.000001
0.000002
0.000001
0.000000
-0.000001
0.000001
0.000001
0.000000
-0.000001
-0.000000
0.000001
-0.000001
-0.000001
-0.000001
0.000001
-0.000001
0.000002
0.000001
-0.000000
0.000002
0.000001
0.000001
-0.000000
-0.000001
0.000003
0.000001
0.000000
0.000001
0.000000
0.000000
0.000000
-0.000000
0.000001
-0.000001
0.000000
0.000003
-0.000002
-0.000001
0.000001
-0.000001
0.000000
-0.000002
0.000000
0.000002
0.000000
0.000001
-0.000001
0.000001
-0.000000
-0.000001
-0.000001
-0.000000
-0.000000
0.000001
0.000000
-0.000001
0.000001
-0.000001
-0.000002
0.000000
-0.000000
0.000000
0.000000
0.000000
0.000000
-0.000001
-0.000000
-0.000000
-0.000000
0.000000
0.000001
-0.000000
0.000001
0.000000
0.000000
-0.000000
0.000001
-0.000000
0.000000
0.000001
0.000002
0.000001
-0.000001
-0.000000
-0.000001
0.000001
-0.000001
0.000000
-0.000000
0.000002
0.000000
0.000000
0.000001
0.000000
-0.000001
-0.000000
-0.000000
0.000002
-0.000001
0.000001
-0.000001
0.000001
-0.000000
-0.000001
-0.000001
0.000001
0.000001
0.000003
0.000001
0.000001
-0.000000
0.000001
-0.000001
-0.000002
-0.000001
-0.000001
0.000001
0.000000
0.000001
0.000000
0.000000
0.000000
-0.000002
0.000001
0.000002
-0.000002
-0.000001
0.000001
0.000001
0.000000
0.000001
-0.000001
-0.000002
0.000000
-0.000001
-0.000000
-0.000001
0.000001
0.000001
-0.000000
0.000000
-0.000000
0.000000
0.000001
0.000001
-0.000002
0.000001
0.000001
-0.000001
0.000001
-0.000002
-0.000002
0.000003
0.000001
0.000002
-0.000001
0.000001
-0.000000
-0.000001
0.000002
0.000000
0.000003
-0.000002
0.000001
-0.000001
-0.000001
-0.000001
-0.000001
0.000002
-0.000001
0.000001
0.000002
0.000001
0.000002
0.000000
0.000001
0.000002
0.000000
-0.000000
-0.000001
0.000001
0.000003
-0.000001
0.000001
0.000002
-0.000002
-0.000001
-0.000000
0.000001
-0.000000
-0.000002
-0.000000
-0.000000
-0.000001
-0.000001
0.000000
0.000000
-0.000002
0.000002
0.000000
-0.000002
0.000002
-0.000000
0.000000
-0.000002
0.000001
-0.000000
0.000002
0.000001
-0.000001
-0.000000
0.000001
0.000000
0.000001
-0.000000
-0.000001
0.000002
-0.000002
0.000000
0.000002
0.000002
0.000000
0.000000
-0.000001
0.000001
-0.000001
0.000000
0.000002
-0.000003
0.000001
0.000001
-0.000000
0.000001
-0.000003
0.000000
0.000002
-0.000001
0.000000
-0.000000
0.000000
0.000001
-0.000001
-0.000001
-0.000001
-0.000000
0.000001
-0.000001
0.000000
0.000002
-0.000001
-0.000001
0.000001
-0.000001
-0.000001
-0.000001
0.000000
0.000000
0.000000
0.000001
-0.000000
-0.000001
0.000000
-0.000000
-0.000001
0.000001
0.000001
0.000000
-0.000000
-0.000001
-0.000000
0.000000
0.000002
0.000001
0.000000
-0.000002
0.000002
0.000000
0.000002
-0.000003
-0.000003
0.000002
0.000003
0.000001
-0.000002
0.000004
0.000001
0.000000
-0.000000
-0.000001
-0.000000
-0.000002
-0.000000
-0.000001
-0.000001
0.000001
-0.000003
0.000002
-0.000001
0.000001
0.000002
0.000002
0.000000
0.000001
0.000000
0.000002
-0.000002
0.000001
-0.000002
0.000002
0.000001
-0.000002
0.000001
0.000002
-0.000001
-0.000001
0.000000
0.000002
-0.000002
-0.000001
0.000000
0.000002
-0.000002
-0.000000
-0.000000
0.000001
-0.000003
0.000002
-0.000002
-0.000002
0.000001
0.000001
0.000001
-0.000001
0.000002
0.000000
0.000001
0.000001
-0.000000
0.000001
0.000000
0.000001
-0.000000
0.000000
-0.000001
0.000002
0.000001
0.000002
-0.000001
-0.000000
-0.000000
-0.000001
0.000001
0.000000
0.000000
-0.000002
0.000001
-0.000000
0.000001
0.000001
0.000000
0.000001
-0.000001
-0.000001
-0.000000
-0.000000
-0.000000
0.000000
-0.000000
0.000002
0.000001
-0.000001
0.000000
0.000000
0.000001
-0.000001
-0.000001
0.000002
-0.000001
-0.000000
-0.000000
0.000000
-0.000000
-0.000000
0.000001
-0.000000
-0.000002
0.000001
0.000001
-0.000001
-0.000000
0.000002
0.000000
0.000000
-0.000000
-0.000000
-0.000001
-0.000002
0.000000
-0.000002
0.000001
-0.000002
-0.000000
0.000001
-0.000001
-0.000000
-0.000002
0.000003
0.000001
-0.000003
-0.000001
-0.000002
0.000003
-0.000001
-0.000001
-0.000000
-0.000004
0.000000
-0.000004
0.000002
-0.000001
0.000002
0.000002
-0.000004
0.000002
-0.000002
0.000001
-0.000000
-0.000003
-0.000000
-0.000002
-0.000002
-0.000000
-0.000002
0.000001
-0.000000
0.000002
-0.000001
-0.000002
0.000001
0.000001
-0.000002
0.000003
0.000001
-0.000003
-0.000002
0.000002
0.000002
0.000001
0.000001
0.000001
0.000000
-0.000001
0.000000
-0.000000
-0.000001
-0.000001
0.000001
-0.000001
-0.000002
0.000002
0.000002
0.000000
0.000002
-0.000002
0.000001
-0.000001
-0.000002
0.000002
0.000001
0.000001
-0.000002
-0.000003
0.000001
0.000002
0.000002
0.000000
0.000002
0.000002
-0.000002
-0.000000
0.000001
0.000002
-0.000003
0.000001
0.000000
-0.000002
0.000003
-0.000002
0.000002
0.000000
0.000001
0.000002
0.000000
0.000001
0.000003
0.000000
0.000002
-0.000003
-0.000001
-0.000002
0.000003
0.000000
-0.000001
0.000000
0.000001
-0.000003
-0.000002
0.000000
0.000003
-0.000001
-0.000001
-0.000003
0.000002
-0.000001
-0.000000
0.000001
-0.000001
-0.000002
0.000002
-0.000002
-0.000001
0.000001
0.000003
0.000001
-0.000003
0.000001
0.000000
0.000001
-0.000006
-0.000000
0.000001
-0.000003
-0.000001
-0.000002
0.000004
0.000001
-0.000001
-0.000002
-0.000002
0.000001
-0.000001
-0.000001
0.000002
-0.000001
0.000001
-0.000002
0.000001
-0.000003
0.000001
-0.000000
-0.000001
0.000001
-0.000001
-0.000001
-0.000003
-0.000001
-0.000003
-0.000001
-0.000003
0.000001
-0.000002
0.000003
0.000001
0.000003
-0.000002
-0.000001
0.000002
0.000001
-0.000002
0.000002
0.000001
-0.000001
-0.000003
0.000002
0.000002
0.000001
-0.000002
0.000001
0.000000
0.000001
0.000001
0.000002
-0.000002
0.000003
0.000002
-0.000003
-0.000002
0.000000
-0.000000
0.000000
0.000001
-0.000001
0.000004
0.000001
-0.000002
0.000003
0.000001
0.000001
-0.000004
-0.000003
0.000001
0.000002
0.000001
-0.000001
0.000002
0.000002
-0.000002
0.000002
-0.000002
0.000002
-0.000002
0.000003
-0.000002
0.000000
0.000002
-0.000002
0.000000
0.000001
0.000003
0.000002
0.000002
0.000001
0.000001
0.000000
0.000001
-0.000001
-0.000001
-0.000002
0.000002
0.000002
-0.000002
0.000000
0.000002
-0.000001
-0.000002
0.000000
0.000002
-0.000002
-0.000004
0.000000
0.000001
-0.000001
-0.000000
-0.000002
-0.000001
-0.000003
0.000001
-0.000002
-0.000002
0.000003
0.000002
0.000002
0.000000
0.000002
0.000000
0.000002
-0.000001
0.000002
0.000001
-0.000003
0.000000
-0.000003
0.000003
0.000001
-0.000001
-0.000001
-0.000001
0.000001
-0.000004
0.000000
0.000003
-0.000001
-0.000000
-0.000001
0.000001
-0.000001
0.000002
-0.000000
-0.000002
0.000002
-0.000003
0.000002
-0.000001
-0.000002
-0.000001
0.000000
-0.000001
0.000000
-0.000001
0.000001
0.000000
0.000002
-0.000002
-0.000002
0.000000
0.000000
-0.000002
0.000002
0.000000
-0.000002
-0.000002
0.000002
0.000002
0.000001
0.000000
0.000001
-0.000001
-0.000000
-0.000001
0.000001
-0.000001
0.000001
-0.000000
-0.000002
-0.000001
-0.000000
0.000000
-0.000001
0.000001
-0.000002
0.000000
0.000001
0.000002
-0.000001
0.000002
-0.000002
0.000003
0.000002
-0.000001
0.000001
-0.000002
-0.000000
-0.000001
-0.000001
0.000001
-0.000001
0.000001
-0.000003
0.000001
-0.000001
0.000001
0.000001
-0.000003
0.000001
-0.000003
0.000002
-0.000000
-0.000003
-0.000001
-0.000000
0.000000
-0.000000
-0.000002
0.000000
0.000001
0.000001
-0.000001
-0.000001
0.000002
-0.000001
-0.000001
0.000001
0.000002
-0.000000
-0.000001
0.000001
0.000003
-0.000000
-0.000001
-0.000001
0.000000
0.000000
0.000000
-0.000000
-0.000001
0.000001
0.000003
-0.000002
-0.000001
-0.000001
-0.000000
0.000000
0.000001
-0.000001
-0.000003
-0.000000
0.000002
0.000000
-0.000001
-0.000001
0.000001
0.000002
-0.000002
-0.000003
-0.000003
0.000003
-0.000001
-0.000002
0.000003
-0.000001
0.000000
-0.000001
0.000002
-0.000001
0.000002
0.000002
-0.000001
0.000001
-0.000003
0.000001
-0.000001
-0.000004
-0.000001
-0.000003
0.000000
0.000001
0.000000
0.000000
-0.000000
0.000001
-0.000002
-0.000001
0.000001
-0.000001
-0.000001
0.000001
0.000002
-0.000000
-0.000001
0.000002
-0.000001
0.000001
-0.000001
0.000001
-0.000001
0.000001
0.000002
0.000001
0.000000
0.000002
0.000002
-0.000002
-0.000002
-0.000001
0.000003
-0.000001
-0.000000
-0.000002
0.000005
-0.000002
-0.000006
0.000005
0.000002
0.000005
-0.000004
-0.000005
0.000002
0.000005
0.000002
-0.000003
0.000004
0.000004
-0.000006
0.000006
0.000000
0.000004
-0.000004
0.000003
-0.000002
-0.000005
0.000006
-0.000005
0.000003
-0.000002
0.000004
0.000006
0.000004
0.000003
0.000006
0.000001
0.000003
-0.000003
0.000002
-0.000004
0.000001
0.000002
-0.000003
-0.000001
0.000006
-0.000003
-0.000004
0.000004
0.000005
-0.000006
-0.000003
-0.000001
0.000004
-0.000003
0.000001
0.000000
0.000001
-0.000003
0.000004
-0.000004
-0.000003
0.000004
0.000004
0.000001
-0.000004
0.000005
0.000001
0.000005
0.000001
-0.000001
0.000002
0.000001
0.000000
0.000001
-0.000001
-0.000001
0.000004
0.000000
0.000001
-0.000000
0.000003
0.000000
-0.000001
0.000002
0.000001
-0.000001
-0.000001
0.000001
-0.000001
-0.000001
0.000001
-0.000001
0.000001
0.000000
0.000000
0.000002
0.000002
0.000000
0.000003
0.000000
0.000001
0.000001
0.000002
-0.000002
0.000001
0.000002
0.000001
0.000000
0.000002
0.000001
-0.000001
-0.000001
-0.000000
0.000000
-0.000001
-0.000001
0.000000
-0.000001
-0.000000
0.000002
-0.000001
-0.000001
0.000001
-0.000002
0.000001
0.000001
0.000002
-0.000000
0.000000
-0.000000
0.000000
0.000001
-0.000002
0.000001
-0.000001
0.000000
-0.000001
-0.000005
0.000005
-0.000000
-0.000002
-0.000002
-0.000002
0.000003
-0.000004
-0.000002
0.000002
-0.000003
0.000000
-0.000004
0.000001
0.000001
-0.000000
0.000002
-0.000002
0.000003
-0.000003
-0.000000
-0.000002
-0.000001
-0.000002
-0.000003
-0.000002
-0.000001
-0.000002
0.000001
-0.000001
0.000002
-0.000001
-0.000003
-0.000000
-0.000001
-0.000002
0.000002
0.000001
-0.000001
-0.000002
0.000001
0.000001
0.000001
-0.000000
0.000002
0.000000
-0.000002
-0.000001
0.000001
-0.000001
0.000002
0.000002
-0.000003
-0.000002
0.000001
0.000001
-0.000001
0.000001
-0.000001
0.000001
0.000001
0.000002
0.000001
0.000003
0.000000
-0.000000
0.000000
-0.000001
-0.000002
-0.000002
-0.000001
0.000001
0.000001
0.000001
0.000001
0.000001
-0.000001
0.000000
0.000001
0.000000
-0.000000
-0.000001
-0.000000
-0.000002
-0.000002
0.000002
0.000001
0.000001
0.000001
-0.000001
0.000000
-0.000002
-0.000000
0.000001
-0.000000
-0.000002
0.000000
0.000000
-0.000001
0.000000
-0.000001
0.000001
0.000000
0.000001
-0.000001
0.000001
0.000000
0.000001
0.000000
-0.000001
-0.000001
-0.000000
-0.000001
-0.000000
-0.000001
-0.000000
-0.000001
0.000000
0.000001
0.000001
0.000001
0.000000
0.000000
-0.000001
0.000001
-0.000002
-0.000001
0.000001
0.000001
-0.000000
-0.000000
0.000000
-0.000001
-0.000000
0.000001
-0.000000
0.000001
-0.000000
0.000001
0.000001
0.000002
-0.000000
0.000000
0.000001
-0.000001
0.000000
0.000001
-0.000000
0.000001
-0.000000
-0.000001
-0.000000
-0.000001
0.000000
-0.000001
-0.000001
-0.000001
-0.000001
-0.000001
0.000001
-0.000000
-0.000000
0.000001
-0.000001
-0.000000
-0.000000
-0.000000
-0.000001
-0.000000
-0.000000
-0.000001
0.000001
-0.000000
0.000000
0.000000
0.000000
-0.000001
-0.000001
-0.000002
0.000000
0.000002
0.000001
-0.000001
-0.000000
-0.000001
-0.000001
-0.000000
0.000002
-0.000002
-0.000001
0.000003
0.000002
0.000001
-0.000003
-0.000002
0.000002
0.000001
0.000001
0.000000
0.000003
0.000003
-0.000004
0.000001
0.000000
0.000001
-0.000003
0.000002
-0.000002
0.000000
0.000002
-0.000001
0.000003
-0.000002
0.000001
0.000002
0.000001
0.000001
0.000002
-0.000000
0.000000
0.000000
0.000001
-0.000002
0.000003
0.000002
-0.000000
-0.000001
0.000001
-0.000002
-0.000001
0.000002
0.000003
-0.000001
-0.000001
-0.000001
-0.000001
-0.000001
0.000000
-0.000001
0.000001
-0.000001
-0.000001
-0.000001
-0.000001
0.000002
-0.000000
0.000000
-0.000000
0.000001
-0.000002
0.000001
0.000002
0.000000
-0.000000
0.000001
0.000002
0.000000
-0.000001
0.000000
0.000001
0.000001
0.000000
0.000002
0.000001
-0.000002
-0.000001
-0.000000
0.000002
-0.000000
-0.000001
0.000001
-0.000001
-0.000000
-0.000000
-0.000001
0.000001
-0.000003
0.000000
0.000003
-0.000001
0.000001
-0.000001
0.000001
-0.000001
-0.000001
0.000000
-0.000000
-0.000001
0.000000
-0.000001
-0.000001
0.000001
0.000002
-0.000001
0.000001
-0.000000
0.000000
-0.000001
0.000000
-0.000001
0.000000
0.000001
-0.000000
-0.000000
0.000000
-0.000000
0.000001
0.000002
0.000001
0.000000
-0.000000
-0.000001
-0.000000
0.000000
0.000003
0.000002
-0.000004
0.000001
0.000002
0.000000
0.000003
-0.000002
-0.000002
0.000002
0.000002
0.000002
-0.000003
0.000004
0.000005
-0.000002
0.000002
-0.000001
0.000002
-0.000002
0.000002
-0.000001
-0.000002
0.000002
-0.000002
0.000002
0.000000
0.000002
0.000001
0.000001
0.000000
0.000002
0.000000
0.000002
-0.000002
0.000000
-0.000002
0.000003
0.000001
-0.000003
0.000000
0.000004
-0.000001
0.000001
0.000003
0.000003
-0.000002
-0.000002
-0.000001
0.000001
-0.000001
-0.000000
0.000001
0.000001
-0.000001
0.000001
-0.000001
-0.000003
0.000003
0.000000
-0.000000
-0.000002
0.000003
0.000000
0.000003
0.000005
-0.000000
-0.000003
0.000004
0.000002
0.000004
-0.000005
-0.000003
0.000002
0.000004
0.000001
0.000002
0.000006
0.000003
-0.000003
0.000003
0.000000
0.000002
-0.000003
0.000002
-0.000002
-0.000003
0.000005
-0.000005
0.000001
-0.000002
0.000002
0.000004
0.000003
0.000002
0.000006
-0.000000
0.000001
-0.000004
-0.000001
-0.000002
0.000002
0.000003
-0.000003
0.000002
0.000004
-0.000003
-0.000003
0.000002
0.000004
-0.000002
-0.000002
-0.000003
0.000003
-0.000003
0.000001
0.000001
0.000001
-0.000002
0.000004
-0.000003
-0.000001
0.000002
0.000002
0.000001
-0.000002
0.000003
-0.000000
0.000003
-0.000002
-0.000001
0.000000
-0.000002
-0.000000
-0.000002
-0.000000
0.000001
0.000000
-0.000000
-0.000002
0.000001
-0.000002
0.000001
0.000001
-0.000002
0.000000
-0.000002
0.000003
-0.000002
0.000001
0.000001
-0.000002
0.000002
-0.000000
0.000001
-0.000001
-0.000001
-0.000000
-0.000000
-0.000002
-0.000001
-0.000001
0.000001
-0.000000
0.000002
0.000001
-0.000001
0.000001
-0.000000
-0.000003
0.000002
0.000001
-0.000002
-0.000002
0.000002
0.000001
0.000001
-0.000001
0.000002
0.000002
-0.000001
-0.000001
0.000002
0.000000
0.000002
0.000000
-0.000002
-0.000001
0.000002
0.000001
0.000000
-0.000000
-0.000001
0.000001
0.000000
-0.000000
-0.000000
0.000000
0.000001
0.000000
0.000001
-0.000001
0.000000
0.000000
0.000001
0.000000
-0.000001
0.000000
-0.000000
-0.000000
-0.000000
0.000001
-0.000000
0.000000
0.000002
-0.000000
-0.000001
-0.000002
-0.000001
0.000001
0.000000
0.000000
-0.000001
-0.000000
0.000002
-0.000001
-0.000001
-0.000001
-0.000001
-0.000001
-0.000001
0.000001
0.000000
0.000000
-0.000001
0.000001
0.000001
0.000002
-0.000001
-0.000001
0.000000
0.000001
0.000001
0.000001
-0.000000
-0.000001
-0.000001
-0.000001
-0.000000
-0.000000
0.000001
0.000001
-0.000000
0.000001
-0.000001
-0.000001
0.000001
0.000002
0.000000
-0.000001
0.000003
0.000001
0.000002
-0.000004
-0.000003
0.000002
0.000004
-0.000001
-0.000001
0.000001
0.000001
-0.000001
-0.000000
-0.000001
0.000001
-0.000001
0.000002
-0.000002
-0.000001
0.000003
-0.000003
0.000001
0.000001
0.000000
0.000004
0.000002
0.000001
-0.000000
0.000000
0.000002
-0.000001
0.000000
-0.000000
-0.000000
0.000001
-0.000003
-0.000001
0.000003
0.000000
0.000000
0.000000
0.000002
-0.000001
-0.000002
0.000000
0.000002
-0.000002
-0.000001
-0.000000
-0.000000
-0.000002
0.000001
-0.000004
-0.000001
0.000001
-0.000001
-0.000000
0.000000
0.000001
0.000000
0.000002
-0.000002
0.000001
0.000002
-0.000001
0.000003
-0.000001
0.000003
0.000002
0.000000
-0.000001
-0.000003
0.000001
-0.000002
-0.000001
0.000003
-0.000002
0.000001
-0.000003
0.000001
0.000000
0.000001
0.000001
-0.000002
0.000000
-0.000001
0.000001
-0.000000
-0.000003
-0.000000
0.000001
-0.000001
-0.000000
-0.000001
0.000001
0.000002
0.000001
-0.000001
-0.000001
0.000001
-0.000001
-0.000000
0.000001
0.000003
-0.000000
-0.000001
0.000001
0.000003
-0.000000
-0.000000
-0.000000
0.000000
0.000000
-0.000001
0.000001
0.000000
0.000001
0.000001
-0.000002
-0.000002
-0.000001
0.000001
-0.000001
0.000001
-0.000001
0.000002
-0.000000
0.000001
0.000002
-0.000000
0.000003
-0.000002
-0.000002
0.000002
-0.000000
0.000003
0.000000
0.000001
-0.000000
-0.000001
0.000000
0.000002
0.000002
-0.000002
0.000002
-0.000001
-0.000001
0.000001
-0.000002
0.000002
-0.000001
0.000002
-0.000000
0.000001
-0.000000
0.000002
-0.000000
0.000002
-0.000001
-0.000001
-0.000001
0.000001
0.000001
-0.000000
-0.000001
0.000001
-0.000002
-0.000000
0.000001
0.000002
-0.000002
-0.000001
-0.000000
0.000001
-0.000001
-0.000001
0.000001
0.000000
-0.000001
0.000001
-0.000002
-0.000003
-0.000000
0.000002
-0.000001
-0.000000
0.000002
-0.000001
0.000001
-0.000002
0.000001
0.000003
-0.000003
-0.000001
-0.000004
0.000003
0.000002
-0.000002
-0.000002
-0.000000
0.000002
-0.000004
-0.000002
0.000002
-0.000002
0.000000
-0.000002
0.000002
-0.000001
0.000001
0.000002
-0.000001
0.000003
-0.000002
-0.000000
-0.000001
-0.000003
-0.000003
-0.000001
-0.000002
0.000001
-0.000001
0.000001
-0.000000
0.000004
-0.000002
-0.000002
0.000002
0.000002
-0.000002
0.000003
0.000002
-0.000000
-0.000002
0.000002
0.000002
0.000002
-0.000001
-0.000000
-0.000002
0.000000
0.000001
0.000002
-0.000001
0.000003
0.000000
-0.000002
-0.000003
0.000001
0.000002
-0.000001
-0.000000
-0.000002
0.000001
-0.000002
0.000001
-0.000001
0.000000
0.000003
-0.000003
-0.000002
0.000001
0.000003
0.000004
-0.000003
0.000005
0.000004
-0.000002
0.000002
-0.000002
0.000004
0.000000
0.000002
-0.000001
-0.000005
0.000003
-0.000003
0.000002
-0.000002
0.000002
0.000003
0.000002
0.000001
0.000004
0.000001
0.000003
-0.000001
-0.000001
-0.000000
0.000002
0.000004
-0.000003
0.000001
0.000002
-0.000004
-0.000001
0.000001
0.000004
-0.000003
-0.000003
-0.000002
0.000002
-0.000001
-0.000000
0.000001
0.000001
-0.000002
0.000001
-0.000001
-0.000003
0.000000
0.000002
-0.000002
-0.000002
0.000003
0.000000
0.000001
-0.000002
0.000001
0.000002
-0.000001
-0.000000
-0.000002
0.000001
0.000001
-0.000004
-0.000000
-0.000003
0.000000
-0.000002
-0.000000
-0.000000
-0.000003
-0.000001
0.000000
0.000002
-0.000002
0.000001
0.000000
-0.000001
0.000001
-0.000001
-0.000001
-0.000000
-0.000001
-0.000001
-0.000002
-0.000002
-0.000000
-0.000003
0.000000
-0.000002
0.000001
-0.000001
-0.000000
-0.000000
-0.000001
-0.000002
-0.000000
0.000001
-0.000000
-0.000001
0.000001
0.000001
0.000001
-0.000001
0.000001
0.000000
-0.000001
0.000000
0.000001
-0.000001
-0.000001
0.000001
-0.000001
-0.000000
0.000000
-0.000000
0.000000
-0.000000
0.000001
0.000002
0.000000
-0.000001
-0.000000
0.000000
0.000003
-0.000007
0.000001
0.000004
0.000001
0.000003
-0.000002
0.000003
0.000002
-0.000001
0.000001
-0.000000
0.000003
-0.000003
-0.000001
-0.000001
-0.000003
0.000002
-0.000002
0.000001
0.000001
0.000001
-0.000001
0.000003
0.000001
0.000003
0.000001
0.000003
-0.000001
0.000001
-0.000002
-0.000000
0.000001
0.000001
-0.000001
0.000003
-0.000001
-0.000002
0.000001
0.000002
-0.000002
-0.000003
-0.000001
-0.000001
-0.000003
-0.000000
-0.000000
-0.000000
-0.000001
0.000001
-0.000002
-0.000003
0.000003
0.000001
-0.000002
0.000000
0.000001
0.000000
0.000001
-0.000000
0.000001
0.000002
0.000001
-0.000001
0.000000
0.000000
-0.000001
-0.000000
0.000000
-0.000002
0.000000
0.000002
-0.000002
0.000001
-0.000001
-0.000000
-0.000002
0.000000
-0.000001
-0.000001
0.000001
-0.000000
-0.000000
-0.000001
-0.000001
0.000000
0.000000
0.000000
0.000000
0.000002
0.000001
0.000001
-0.000000
0.000000
0.000001
-0.000001
0.000001
0.000001
0.000000
0.000001
0.000001
0.000001
0.000000
-0.000000
0.000001
0.000001
0.000000
-0.000001
0.000000
0.000001
-0.000000
-0.000000
-0.000001
-0.000000
-0.000000
0.000001
-0.000002
-0.000001
0.000001
-0.000001
-0.000001
0.000001
-0.000001
-0.000003
0.000001
0.000002
-0.000002
-0.000000
-0.000002
0.000002
0.000003
-0.000002
-0.000001
-0.000002
0.000000
-0.000003
-0.000003
0.000002
-0.000002
-0.000001
-0.000003
0.000002
-0.000001
0.000001
0.000002
-0.000001
0.000002
-0.000003
-0.000001
-0.000003
-0.000003
-0.000003
0.000002
-0.000001
-0.000000
-0.000002
0.000001
-0.000000
0.000001
-0.000002
-0.000001
0.000001
-0.000000
-0.000001
0.000002
0.000003
-0.000001
-0.000001
0.000001
0.000002
-0.000002
-0.000002
-0.000000
0.000000
0.000003
-0.000001
0.000002
-0.000002
0.000002
0.000002
-0.000002
-0.000000
0.000001
0.000002
-0.000002
-0.000001
-0.000000
-0.000002
-0.000000
0.000000
-0.000003
-0.000001
-0.000002
0.000004
0.000002
-0.000001
-0.000002
-0.000002
0.000001
-0.000003
-0.000001
0.000001
-0.000001
0.000000
0.000000
0.000001
-0.000002
0.000001
0.000002
-0.000003
0.000002
-0.000001
0.000001
0.000001
-0.000003
-0.000000
-0.000000
-0.000003
0.000001
-0.000002
0.000001
-0.000000
0.000001
-0.000001
-0.000001
-0.000000
-0.000001
-0.000003
0.000001
0.000002
-0.000002
-0.000002
-0.000000
0.000002
0.000001
-0.000002
0.000001
0.000001
0.000000
-0.000001
-0.000000
-0.000001
0.000002
0.000002
-0.000002
-0.000000
-0.000001
-0.000000
0.000001
-0.000000
-0.000000
0.000003
-0.000001
-0.000001
0.000001
-0.000001
0.000002
-0.000003
-0.000002
0.000001
0.000001
0.000003
-0.000001
0.000003
0.000005
-0.000002
0.000002
0.000001
0.000002
-0.000002
-0.000000
0.000000
-0.000002
-0.000000
-0.000001
0.000002
0.000000
0.000002
0.000003
0.000002
-0.000002
0.000002
0.000000
0.000002
-0.000000
0.000000
-0.000002
0.000003
0.000000
0.000000
0.000000
0.000002
-0.000002
-0.000002
0.000002
0.000002
0.000000
-0.000002
0.000002
0.000002
0.000000
-0.000000
-0.000002
-0.000000
-0.000003
0.000001
-0.000002
-0.000002
0.000002
0.000001
0.000001
-0.000001
0.000003
0.000000
0.000003
-0.000001
-0.000000
0.000000
0.000000
-0.000001
-0.000000
0.000001
-0.000000
0.000000
-0.000001
-0.000000
-0.000001
-0.000000
0.000001
0.000001
0.000001
-0.000002
0.000001
-0.000000
-0.000001
0.000002
-0.000001
0.000000
0.000001
-0.000000
0.000002
0.000001
-0.000002
0.000001
-0.000000
-0.000001
-0.000001
-0.000001
0.000002
-0.000000
0.000001
-0.000001
-0.000000
0.000001
0.000001
-0.000001
-0.000000
0.000001
-0.000001
0.000000
0.000001
-0.000000
-0.000000
-0.000001
-0.000000
-0.000002
0.000000
0.000000
-0.000001
0.000000
-0.000001
-0.000001
-0.000001
-0.000000
0.000000
0.000002
0.000001
-0.000000
-0.000002
0.000003
0.000000
-0.000000
0.000001
-0.000001
0.000003
-0.000004
-0.000002
0.000001
0.000003
0.000002
-0.000003
0.000002
0.000002
-0.000002
0.000002
0.000001
0.000003
-0.000002
-0.000002
0.000001
-0.000003
0.000002
-0.000003
0.000003
-0.000002
0.000000
0.000003
0.000003
-0.000002
0.000003
0.000002
0.000001
-0.000001
-0.000001
-0.000002
0.000003
0.000004
-0.000002
-0.000001
0.000003
-0.000003
-0.000001
0.000002
0.000003
0.000001
-0.000002
-0.000001
-0.000001
-0.000002
0.000001
0.000001
-0.000001
-0.000001
-0.000001
-0.000001
-0.000003
0.000003
0.000002
0.000001
-0.000002
0.000002
0.000000
0.000003
-0.000002
0.000001
0.000001
-0.000001
0.000001
-0.000001
0.000003
-0.000000
-0.000004
-0.000001
-0.000000
0.000002
-0.000001
-0.000001
0.000001
-0.000001
0.000000
-0.000001
-0.000001
-0.000001
0.000001
0.000002
-0.000002
0.000000
-0.000002
-0.000002
-0.000002
-0.000002
-0.000003
-0.000002
-0.000002
-0.000001
-0.000001
0.000002
-0.000001
0.000001
0.000001
-0.000002
-0.000001
-0.000000
-0.000002
0.000002
-0.000001
-0.000002
-0.000001
0.000001
-0.000000
-0.000000
-0.000003
0.000003
-0.000001
0.000001
-0.000002
0.000001
-0.000002
0.000003
0.000002
-0.000003
-0.000000
-0.000001
-0.000000
0.000000
0.000002
-0.000000
0.000001
-0.000001
-0.000000
-0.000000
-0.000001
0.000002
-0.000002
-0.000001
0.000005
0.000000
0.000000
-0.000002
0.000003
0.000003
-0.000001
0.000003
-0.000000
0.000001
0.000000
0.000001
-0.000001
-0.000002
0.000001
-0.000001
0.000002
0.000001
0.000000
0.000001
0.000003
0.000002
0.000004
0.000000
0.000002
-0.000001
0.000001
-0.000003
0.000001
0.000002
0.000002
0.000000
0.000004
0.000000
-0.000001
0.000003
0.000001
-0.000001
-0.000001
0.000001
0.000003
-0.000002
-0.000001
-0.000001
0.000002
-0.000001
0.000003
-0.000001
-0.000003
0.000002
0.000001
-0.000000
-0.000001
-0.000000
-0.000001
0.000001
0.000002
-0.000002
-0.000001
0.000001
0.000001
0.000001
-0.000004
-0.000001
0.000003
0.000002
0.000003
-0.000002
0.000003
0.000001
-0.000003
0.000003
-0.000001
0.000001
-0.000001
0.000001
0.000000
-0.000002
0.000002
-0.000001
0.000001
0.000001
0.000001
0.000003
0.000002
0.000000
0.000002
-0.000001
0.000001
-0.000001
-0.000001
-0.000002
0.000003
0.000001
0.000000
-0.000001
0.000002
-0.000001
-0.000002
0.000002
0.000002
-0.000002
-0.000001
-0.000001
0.000001
0.000000
-0.000000
-0.000002
0.000001
-0.000002
0.000001
-0.000000
-0.000002
0.000003
0.000002
0.000001
-0.000002
0.000001
0.000000
0.000001
-0.000002
0.000000
0.000002
-0.000003
-0.000001
-0.000004
0.000003
0.000002
-0.000001
-0.000004
-0.000003
-0.000001
-0.000003
-0.000003
0.000003
-0.000004
-0.000000
-0.000003
0.000000
-0.000001
0.000004
0.000004
-0.000004
0.000002
0.000000
0.000001
-0.000003
-0.000004
-0.000004
-0.000004
-0.000004
0.000001
-0.000001
0.000002
0.000000
0.000003
-0.000003
-0.000001
0.000001
0.000001
-0.000003
0.000001
0.000002
-0.000003
-0.000003
0.000002
0.000002
0.000003
-0.000002
0.000002
-0.000001
0.000001
-0.000000
0.000003
-0.000002
0.000005
0.000002
-0.000002
-0.000003
-0.000002
0.000001
-0.000003
0.000002
-0.000003
-0.000001
-0.000000
0.000000
-0.000001
-0.000002
-0.000000
-0.000001
-0.000000
0.000001
0.000001
0.000001
-0.000003
-0.000000
-0.000000
0.000001
-0.000001
-0.000002
0.000001
0.000001
-0.000001
-0.000000
-0.000001
0.000001
0.000001
-0.000001
-0.000000
-0.000001
-0.000001
-0.000000
-0.000000
0.000001
-0.000000
0.000002
0.000000
-0.000001
0.000000
0.000000
-0.000000
-0.000000
-0.000001
-0.000000
-0.000000
-0.000000
0.000002
0.000000
-0.000000
-0.000002
-0.000000
-0.000000
0.000003
0.000001
0.000001
0.000000
-0.000000
-0.000001
0.000000
-0.000001
-0.000000
-0.000001
-0.000001
-0.000000
0.000000
-0.000000
-0.000000
-0.000002
0.000001
0.000000
0.000000
-0.000000
-0.000000
-0.000001
-0.000000
0.000001
-0.000000
-0.000000
-0.000001
0.000002
0.000001
-0.000001
-0.000001
-0.000001
0.000000
-0.000000
0.000000
0.000001
0.000000
0.000002
0.000003
-0.000000
0.000002
-0.000001
-0.000000
-0.000001
-0.000001
0.000000
-0.000000
0.000002
0.000001
-0.000001
0.000001
0.000000
-0.000000
-0.000000
-0.000000
-0.000000
0.000001
-0.000001
0.000001
0.000000
-0.000000
-0.000001
-0.000000
0.000001
-0.000000
0.000001
0.000000
-0.000002
-0.000000
-0.000001
0.000000
-0.000001
-0.000000
-0.000001
0.000001
-0.000000
-0.000001
0.000001
-0.000002
-0.000001
-0.000000
0.000001
0.000000
-0.000001
-0.000001
0.000002
0.000001
-0.000001
-0.000001
-0.000000
0.000001
-0.000001
-0.000002
-0.000000
0.000000
0.000000
0.000000
0.000002
0.000000
0.000001
-0.000000
-0.000001
0.000000
-0.000000
-0.000000
-0.000000
-0.000001
-0.000000
-0.000001
0.000000
-0.000000
-0.000001
-0.000001
-0.000001
0.000001
-0.000002
0.000001
-0.000001
0.000001
-0.000001
-0.000001
-0.000000
0.000001
-0.000001
0.000002
0.000001
-0.000001
-0.000000
0.000001
0.000000
-0.000001
0.000001
0.000001
0.000001
0.000003
0.000001
-0.000000
-0.000000
0.000000
-0.000001
0.000000
-0.000000
-0.000002
0.000001
-0.000001
0.000000
0.000000
-0.000000
0.000002
0.000000
-0.000000
0.000003
0.000001
0.000003
0.000001
0.000003
-0.000001
-0.000000
0.000001
0.000001
0.000001
-0.000002
0.000001
-0.000002
0.000000
0.000001
-0.000002
0.000002
-0.000001
0.000002
0.000002
0.000001
-0.000001
0.000002
-0.000000
0.000002
-0.000003
-0.000000
-0.000002
0.000001
0.000002
0.000001
-0.000000
0.000001
-0.000001
-0.000001
0.000002
0.000000
-0.000001
-0.000001
0.000001
-0.000000
-0.000001
-0.000001
0.000001
0.000002
-0.000003
0.000001
-0.000001
-0.000002
0.000001
0.000002
0.000001
-0.000001
0.000001
-0.000001
0.000001
-0.000002
0.000001
0.000000
-0.000001
-0.000001
-0.000001
0.000001
0.000002
-0.000003
-0.000002
-0.000001
0.000002
-0.000003
-0.000006
0.000002
-0.000001
0.000001
-0.000001
0.000002
-0.000002
-0.000000
0.000002
-0.000002
0.000003
-0.000002
-0.000001
-0.000001
-0.000003
-0.000002
-0.000000
-0.000003
-0.000000
-0.000003
0.000002
0.000001
0.000001
-0.000004
-0.000002
0.000003
0.000001
-0.000001
0.000002
-0.000000
-0.000002
0.000001
0.000001
-0.000000
-0.000000
-0.000002
0.000001
0.000001
-0.000001
-0.000003
-0.000000
-0.000001
0.000003
0.000002
-0.000002
-0.000002
0.000000
0.000004
-0.000002
-0.000000
-0.000001
-0.000002
0.000002
-0.000001
-0.000002
0.000001
-0.000003
0.000002
0.000002
-0.000002
0.000000
-0.000001
0.000001
-0.000002
0.000000
0.000001
-0.000002
-0.000001
-0.000000
0.000000
-0.000001
0.000001
0.000002
-0.000000
0.000002
-0.000002
0.000001
-0.000003
-0.000002
-0.000002
0.000000
-0.000003
-0.000001
-0.000002
0.000002
0.000000
0.000003
-0.000001
0.000000
0.000001
0.000000
-0.000002
0.000002
0.000002
-0.000001
-0.000000
0.000002
0.000003
-0.000001
-0.000001
0.000001
0.000001
-0.000001
-0.000001
0.000001
-0.000000
-0.000000
0.000001
-0.000001
-0.000001
-0.000001
0.000000
-0.000003
0.000001
-0.000001
-0.047916
0.878558
-1.294747
0.141079
1.409667
-1.049354
0.008595
-0.002412
-0.009391
0.003325
0.003205
0.001103
-0.005201
0.002962
0.001208
-0.003759
0.007898
0.000397
-0.010013
-0.008733
0.009063
0.000501
-0.008086
0.007240
0.000850
-0.009279
0.007226
0.001999
-0.008931
-0.004812
0.002457
-0.002842
0.002893
0.009837
-0.001175
-0.002272
-0.012128
0.006610
-0.005010
0.007731
-0.000181
-0.009951
0.007331
0.003657
-0.011550
-0.001469
0.000281
0.001893
-0.001181
-0.009407
-0.002520
0.003863
-0.006419
0.005066
0.000202
-0.003363
-0.001821
0.003399
-0.007347
0.004394
-0.005682
0.005471
0.002598
0.011041
-0.007791
-0.007880
-0.000686
-0.009511
-0.003571
0.009568
-0.139260
0.049583
0.147853
-0.066277
-0.064213
-0.023476
0.096219
-0.059832
-0.025674
0.073678
-0.131359
-0.008568
0.154252
0.140767
-0.144319
-0.010749
0.133507
-0.123463
-0.018095
0.146620
-0.123286
-0.041711
0.142927
0.090414
-0.050451
0.057694
-0.058593
-0.152441
0.024906
0.046945
0.174404
-0.115581
0.093445
-0.129365
0.003882
0.153628
-0.124562
-0.072021
0.169130
0.030989
-0.006036
-0.039547
0.025060
0.148028
0.051694
-0.075488
0.113064
-0.094240
-0.004351
0.066947
0.038073
-0.067578
0.124743
-0.084063
0.103094
-0.100125
-0.053138
-0.164338
0.130056
0.131112
0.014674
0.149099
0.070518
-0.149694
0.140301
-0.049681
-0.149079
0.066451
0.064380
0.023512
-0.096630
0.059974
0.025708
-0.073902
0.132257
0.008575
-0.155623
-0.141843
0.145472
0.010766
-0.134442
0.124227
0.018121
-0.147816
0.124047
0.041788
-0.144045
-0.090768
0.050556
-0.057830
0.058732
0.153769
-0.024942
-0.047038
-0.176305
0.116232
-0.093827
0.130231
-0.003885
-0.154987
0.125346
0.072233
-0.170878
-0.031038
0.006043
0.039618
-0.025096
-0.149260
-0.051803
0.075726
-0.113672
0.094630
0.004356
-0.067124
-0.038139
0.067765
-0.125525
0.084361
-0.103579
0.100577
0.053254
0.165963
-0.130935
-0.132007
-0.014694
-0.150354
-0.070722
0.150957
-0.014413
0.004623
0.015509
-0.006253
-0.006052
-0.002156
0.009376
-0.005617
-0.002360
0.007003
-0.013429
-0.000787
0.016353
0.014605
-0.015058
-0.000985
0.013694
-0.012476
-0.001666
0.015351
-0.012454
-0.003867
0.014877
0.008750
-0.004707
0.005407
-0.005496
-0.016113
0.002292
0.004365
0.019137
-0.011550
0.009075
-0.013189
0.000354
0.016269
-0.012609
-0.006834
0.018380
0.002857
-0.000552
-0.003664
0.002304
0.015537
0.004826
-0.007185
0.011259
-0.009162
-0.000399
0.006322
0.003521
-0.006387
0.012633
-0.008077
0.010134
-0.009801
-0.004966
-0.017721
0.013274
0.013400
0.001347
0.015670
0.006686
-0.015753
-0.094754
0.033267
0.100803
-0.044543
-0.043149
-0.015729
0.064926
-0.040187
-0.017200
0.049561
-0.089224
-0.005735
0.105330
0.095814
-0.098312
-0.007199
0.090722
-0.083720
-0.012123
0.099930
-0.083599
-0.027974
0.097331
0.060956
-0.033855
0.038739
-0.039347
-0.104048
0.016687
0.031494
0.119726
-0.078258
0.063030
-0.087833
0.002599
0.104889
-0.084485
-0.048437
0.115939
0.020767
-0.004042
-0.026519
0.016788
0.100924
0.034691
-0.050790
0.076516
-0.063572
-0.002914
0.044997
0.025526
-0.045425
0.084612
-0.056624
0.069645
-0.067605
-0.035666
-0.112509
0.088314
0.089052
0.009830
0.101685
0.047416
-0.102101
0.102216
-0.036325
-0.108562
0.048564
0.047055
0.017195
-0.070540
0.043840
0.018807
-0.053994
0.096394
0.006274
-0.113292
-0.103332
0.105952
0.007876
-0.097972
0.090576
0.013255
-0.107652
0.090447
0.030559
-0.104927
-0.066278
0.036960
-0.042273
0.042931
0.111953
-0.018240
-0.034393
-0.128230
0.084777
-0.068500
0.094922
-0.002839
-0.112833
0.091380
0.052780
-0.124316
-0.022703
0.004420
0.028971
-0.018356
-0.108691
-0.037876
0.055322
-0.082919
0.069085
0.003189
-0.049058
-0.027890
0.049522
-0.091519
0.061616
-0.075589
0.073410
0.038929
0.120761
-0.095434
-0.096213
-0.010748
-0.109488
-0.051674
0.109921
